1	1	38	14	9	8	70	15	12	100	0	2	4	3	7	43	36	37	17	1
2	1	20	4	4	8	35	28	1	100	1	6	2	2	8	60	2	37	4	1
3	1	37	25	1	1	50	31	18	100	1	1	1	1	31	18	37	37	18	1
4	1	83	25	1	1	50	66	25	75	1	1	1	25	58	8	41	100	16	1
5	1	81	54	32	18	100	16	1	20	1	1	27	20	5	18	63	16	27	1
6	1	31	28	14	21	82	19	1	100	1	9	5	21	14	51	10	28	13	9
7	1	44	26	6	18	41	17	2	100	2	2	25	17	9	27	33	43	30	7
8	1	100	51	1	1	6	23	1	25	1	1	1	1	2	16	48	32	9	16
9	1	56	56	1	1	75	1	1	62	1	1	18	1	1	100	31	25	37	1
10	1	26	14	4	4	54	19	4	100	1	11	3	10	21	53	10	38	28	8
11	1	24	14	1	6	74	14	1	100	3	1	3	1	10	44	22	22	17	1
12	1	65	19	1	3	100	7	1	80	1	1	1	1	15	76	15	53	19	3
13	1	53	22	5	13	59	17	3	100	0	9	7	7	11	43	26	37	17	7
14	1	45	30	27	18	90	27	9	100	3	24	6	21	39	30	27	48	9	1
15	1	30	20	1	9	46	4	1	100	9	4	1	1	11	81	23	16	25	1
16	1	59	23	28	30	86	45	1	100	5	11	20	15	13	54	35	66	23	6
17	1	12	25	1	1	50	12	1	100	1	1	1	1	1	25	31	18	6	1
18	1	16	10	6	12	60	11	1	100	1	2	1	9	4	36	5	15	14	2
19	1	10	10	1	30	100	1	1	70	1	1	10	20	1	40	1	30	20	1
20	1	100	77	11	27	33	1	1	72	1	1	1	16	1	33	33	11	38	1
21	1	48	20	31	17	82	31	1	60	1	8	100	11	2	14	20	65	5	1
22	1	100	47	1	1	71	16	1	38	1	4	10	8	1	35	35	25	20	4
23	1	54	47	22	32	90	20	1	100	1	7	3	30	15	45	58	49	11	7
24	1	33	27	6	20	60	31	1	100	1	1	8	10	6	54	12	52	18	4
25	1	72	41	24	34	100	1	1	93	6	6	6	24	10	41	65	86	31	3
26	1	75	44	3	13	51	34	1	100	1	10	6	1	13	75	37	55	27	1
27	1	66	50	1	1	50	1	1	100	1	1	66	1	1	33	16	50	33	1
28	1	61	25	3	3	6	19	1	51	1	1	74	3	3	12	80	100	19	1
29	1	37	1	1	1	25	43	1	100	1	12	1	1	12	50	6	87	37	18
30	1	95	75	1	30	100	5	1	65	10	1	1	10	15	70	70	50	30	1
31	1	29	23	1	1	35	23	47	100	1	23	1	11	17	47	29	35	11	1
32	1	81	50	6	1	31	25	1	100	1	1	12	1	12	62	68	43	31	1
33	1	61	11	1	1	5	22	1	50	1	1	22	1	22	1	22	100	22	1
34	1	1	1	1	1	1	16	1	100	1	1	1	1	25	50	1	1	1	1
35	1	90	9	1	9	18	9	1	45	1	1	1	1	36	27	1	100	27	1
36	1	30	30	1	60	100	1	1	40	1	1	20	1	50	20	30	70	1	1
37	1	100	45	1	1	3	9	1	11	1	3	1	1	3	25	35	39	9	1
38	1	52	75	30	92	100	1	1	75	7	7	45	50	7	60	10	52	15	7
39	1	54	1	1	1	63	27	1	72	1	27	27	18	27	63	18	100	1	1
40	1	50	10	1	1	80	10	1	100	1	10	1	1	20	10	20	80	10	1
41	1	50	27	9	9	100	22	1	95	1	1	1	1	18	36	77	36	81	4
42	1	55	60	18	35	72	6	1	100	7	1	1	18	4	58	35	24	16	7
43	1	46	26	23	21	100	17	1	70	3	1	4	9	7	49	16	32	10	5
44	1	58	47	18	32	58	16	1	100	3	5	14	21	20	43	63	50	54	1
45	1	43	60	21	30	100	13	1	34	13	8	4	13	1	56	43	26	21	1
46	1	38	11	1	1	11	22	1	100	1	1	1	1	1	55	11	50	33	1
47	1	1	6	1	6	31	25	6	100	1	1	12	12	25	6	12	12	6	1
48	1	10	2	1	5	40	18	1	100	1	10	13	8	18	13	8	40	21	1
49	1	2	10	22	34	100	16	8	71	1	1	12	40	4	12	10	20	1	1
50	1	1	1	1	1	27	45	1	100	1	1	18	27	36	63	1	18	1	1
51	1	100	88	1	1	50	1	1	38	1	1	5	1	11	88	55	27	50	11
52	1	14	23	8	14	29	12	1	100	1	4	2	8	14	17	27	23	21	1
53	1	100	50	1	12	37	31	1	62	1	1	1	1	1	25	56	62	25	1
54	1	100	55	22	11	44	38	1	88	1	1	22	1	33	33	44	94	38	1
55	1	100	58	1	1	1	1	1	23	1	1	1	1	1	23	35	41	47	1
56	1	100	56	16	20	76	5	1	62	5	2	19	4	5	46	43	58	16	5
57	1	91	48	14	25	100	11	1	68	2	1	5	2	5	42	48	65	42	1
58	1	30	26	8	10	86	16	7	100	1	1	1	4	20	39	27	32	22	4
59	1	38	22	2	10	47	16	1	100	2	9	16	6	11	37	18	45	21	6
60	1	51	33	4	14	47	10	1	100	5	9	10	15	24	44	44	45	32	9
61	1	80	40	1	40	20	1	1	80	1	1	1	1	20	20	40	100	1	1
62	1	52	41	3	11	42	14	2	100	3	1	1	8	9	48	33	22	35	1
63	1	25	14	3	10	39	3	10	100	1	3	1	1	17	42	10	32	17	1
64	1	78	51	5	18	50	13	5	100	5	1	21	17	9	32	47	45	37	6
65	1	15	11	1	6	55	3	1	100	5	1	3	1	5	38	13	23	16	3
66	1	100	46	1	1	66	33	1	73	1	1	1	1	6	53	40	53	26	1
67	1	100	55	1	1	88	44	1	22	1	1	11	1	1	22	11	66	11	1
68	1	25	15	1	1	20	10	1	100	1	1	1	1	1	65	30	1	30	1
69	1	80	41	1	1	29	22	6	100	1	6	25	6	16	58	51	67	32	1
70	1	100	77	40	56	79	11	1	75	4	1	18	47	6	47	63	40	20	1
71	1	16	16	1	1	44	16	1	100	1	4	1	1	4	44	32	20	20	1
72	1	28	16	2	2	26	23	1	100	1	9	1	1	15	21	1	42	15	2
73	1	24	1	1	1	48	15	6	100	1	1	6	1	9	33	45	21	9	1
74	1	33	9	1	4	28	19	1	100	1	9	14	1	28	42	19	61	14	1
75	1	53	28	25	17	100	14	1	50	1	1	3	3	7	25	21	42	7	1
76	1	26	10	1	1	34	28	1	100	1	1	2	1	15	39	44	28	10	5
77	1	58	41	10	13	55	13	1	100	1	1	17	10	3	31	34	41	24	1
78	1	15	15	1	1	100	1	1	61	15	1	15	1	1	38	30	15	1	1
79	1	14	7	4	4	35	2	7	100	1	1	1	4	2	50	14	7	19	1
80	1	8	1	1	1	8	12	1	100	1	1	1	1	1	37	1	20	25	1
81	1	50	13	13	22	77	4	1	100	1	1	13	22	4	45	9	40	9	1
82	1	38	29	38	40	77	11	1	100	2	9	2	25	15	72	27	29	56	11
83	1	65	39	2	30	100	6	1	69	8	1	1	2	17	65	34	67	19	1
84	1	40	5	14	17	74	17	1	100	1	2	1	14	1	57	5	71	28	2
85	1	29	19	4	13	51	6	1	100	2	2	0	18	9	41	21	17	23	4
86	1	11	11	1	33	100	1	1	100	1	1	1	1	1	1	33	33	44	1
87	1	67	32	1	6	100	13	1	42	3	3	1	5	1	47	43	22	29	8
88	1	27	1	1	11	22	16	1	100	11	1	1	5	1	61	1	22	33	1
89	1	40	27	11	6	100	13	1	93	1	1	1	2	2	77	31	11	18	1
90	1	13	12	1	3	44	9	6	100	1	7	5	7	10	35	7	27	17	2
91	1	69	34	1	2	16	16	1	100	1	4	10	6	20	26	36	59	65	1
92	1	56	31	14	21	81	35	1	100	4	2	13	12	7	46	35	60	19	1
93	1	40	20	60	60	60	1	1	100	1	1	1	1	1	80	20	20	20	1
94	1	37	21	7	19	64	18	4	100	2	8	11	16	11	30	19	24	21	8
95	1	73	57	16	52	86	8	1	100	11	1	14	36	4	53	38	30	35	10
96	1	88	22	1	11	29	40	1	100	11	11	44	1	1	44	62	59	29	1
97	1	56	46	33	26	90	1	1	73	10	1	20	13	26	23	100	66	16	1
98	1	17	7	1	1	100	10	1	10	1	1	1	10	14	14	3	14	7	10
99	1	87	40	12	8	72	19	1	100	1	1	2	6	4	42	8	59	27	1
100	1	47	4	1	1	30	13	1	100	1	1	1	1	8	26	17	65	30	1
101	1	92	92	14	28	100	1	1	78	14	1	14	1	1	85	42	92	14	1
102	1	100	64	12	16	100	36	1	68	4	1	28	20	1	40	60	48	28	8
103	1	58	41	1	1	100	25	1	33	1	1	1	1	8	58	50	16	25	1
104	1	45	27	1	1	43	18	1	100	1	8	1	5	13	43	35	27	18	1
105	1	25	1	1	1	25	41	1	100	1	25	16	1	58	25	25	66	8	1
106	1	41	33	1	1	66	12	1	100	1	1	1	1	12	50	4	37	25	1
107	1	1	1	1	1	83	100	1	100	1	1	33	1	100	33	16	100	1	1
108	1	70	30	20	30	100	20	1	80	1	1	1	30	30	60	40	40	1	1
109	1	100	69	4	13	56	23	1	45	7	1	10	10	6	38	43	49	12	1
110	1	84	23	1	7	78	15	1	100	1	1	10	5	5	73	15	84	18	1
111	1	1	20	1	20	30	30	1	100	1	30	1	1	30	60	20	80	20	1
112	1	42	1	1	1	12	21	1	100	1	1	1	1	12	21	3	48	21	1
113	1	64	25	1	1	39	25	1	100	1	10	3	1	21	46	39	75	14	1
114	1	30	17	1	1	43	13	1	100	1	13	4	4	21	39	69	52	56	8
115	1	50	11	5	1	17	25	11	100	5	13	11	1	21	11	23	84	7	7
116	1	24	19	5	5	12	22	3	100	1	1	3	8	17	26	12	36	14	5
117	1	100	62	3	18	51	18	1	77	7	1	7	11	1	40	74	88	18	1
118	1	38	25	1	3	20	27	5	100	5	1	48	7	14	11	44	62	22	1
119	1	59	36	1	6	39	15	2	100	1	5	4	4	4	25	30	54	24	1
120	1	66	20	13	13	13	13	1	100	1	1	1	1	1	20	46	20	60	1
121	1	30	18	3	3	21	23	3	100	1	1	1	1	16	36	21	40	18	1
122	1	12	7	1	1	20	12	1	100	1	1	1	1	7	21	9	12	9	3
123	1	14	1	8	8	40	25	1	100	1	5	8	14	5	62	1	37	14	8
124	1	100	37	12	12	100	1	1	87	1	1	1	12	1	12	75	100	25	1
125	1	58	28	3	6	100	2	1	29	2	1	1	19	9	38	31	38	28	2
126	1	63	13	1	1	36	4	1	100	1	1	27	1	13	36	13	59	9	1
127	1	86	73	1	1	13	1	1	13	1	1	13	1	1	8	100	1	21	1
128	1	45	27	5	13	64	1	1	100	1	1	1	18	8	78	15	25	27	1
129	1	11	11	1	11	22	22	1	100	1	22	1	1	22	77	1	44	55	1
130	1	81	43	16	35	65	23	1	100	8	2	22	18	7	34	45	68	13	2
131	1	9	1	1	1	47	19	4	100	1	1	1	1	14	14	1	1	9	1
132	1	27	11	1	5	27	55	1	100	1	11	1	1	11	11	16	27	22	1
133	1	42	21	1	21	57	14	1	100	14	1	1	1	7	35	21	21	28	1
134	1	50	1	30	30	100	1	1	90	1	1	1	1	20	20	1	50	30	1
135	1	66	33	1	1	33	58	1	100	1	1	25	1	33	33	25	100	1	33
136	1	10	2	1	1	23	7	1	100	1	7	1	1	15	23	15	1	30	1
137	1	100	58	2	11	38	1	1	2	11	8	1	2	11	41	44	41	16	1
138	1	41	13	6	6	65	48	1	100	1	1	1	13	17	27	17	48	17	10
139	1	1	1	1	1	12	16	1	100	1	4	8	1	4	4	1	24	20	1
140	1	14	28	1	28	57	28	1	100	1	28	14	1	28	57	1	57	57	1
141	1	62	17	1	1	71	8	1	100	1	2	1	1	13	46	28	88	13	1
142	1	31	6	12	25	100	18	1	87	1	1	1	31	31	37	31	56	18	1
143	1	64	14	1	1	7	14	1	78	1	1	35	1	50	21	21	100	35	1
144	1	38	15	3	10	51	23	6	100	6	2	3	2	14	29	15	31	16	1
145	1	87	41	3	1	90	25	1	87	1	6	28	4	15	48	45	100	21	5
146	1	26	36	1	15	31	21	1	100	15	1	1	10	10	31	31	78	26	1
147	1	15	23	1	23	38	15	1	100	1	15	1	15	15	53	7	23	23	1
148	1	73	84	30	46	100	23	1	69	1	11	3	34	11	61	88	19	61	1
149	1	25	1	1	1	16	16	1	100	1	8	1	1	8	37	4	20	20	1
150	1	1	28	1	28	100	1	1	85	1	1	57	28	57	100	1	57	1	1
151	1	27	24	5	8	81	9	1	100	1	8	5	17	13	65	19	27	25	6
152	1	23	9	3	9	83	2	1	69	5	1	2	13	1	100	8	12	13	1
153	1	77	1	1	1	1	33	1	100	1	1	1	1	11	22	33	88	1	1
154	1	42	25	1	1	46	21	1	100	1	3	25	1	10	32	35	17	50	1
155	1	1	20	1	1	1	1	1	80	1	1	20	1	1	100	1	40	1	1
156	1	34	3	1	1	19	23	1	100	1	1	1	1	1	3	1	19	26	15
157	1	95	33	1	1	54	12	1	100	1	1	1	8	1	50	25	58	45	1
158	1	100	40	4	1	95	39	1	88	1	7	10	4	8	68	36	47	33	5
159	1	75	35	1	10	81	32	1	100	5	2	2	2	29	54	27	81	8	1
160	1	23	8	8	2	59	46	4	100	1	11	17	1	8	37	8	41	14	5
161	1	20	6	1	1	80	13	1	100	1	1	1	13	1	46	6	33	20	1
162	1	81	27	18	18	36	54	1	90	1	1	9	1	1	27	36	100	9	1
163	1	27	1	1	1	54	1	1	100	1	1	1	1	1	9	18	18	9	1
164	1	62	37	1	1	17	34	1	100	8	1	8	1	34	22	28	88	22	1
165	1	88	35	35	23	29	23	1	100	1	1	1	17	11	23	47	52	47	1
166	1	71	1	1	14	85	1	1	100	1	1	1	1	1	71	1	85	1	1
167	1	41	31	6	37	79	6	1	100	1	6	3	6	13	65	13	51	37	10
168	1	100	35	15	30	80	10	1	85	1	1	1	1	20	50	25	70	35	1
169	1	62	50	12	18	68	6	1	100	1	6	12	12	6	50	43	68	62	1
170	1	57	14	1	21	35	7	1	50	1	1	7	1	21	7	7	100	28	1
171	1	1	4	1	4	13	8	1	100	1	1	1	1	1	13	17	17	8	1
172	1	1	28	1	1	28	28	1	100	1	28	1	1	28	1	1	14	1	1
173	1	23	5	1	2	41	41	1	100	1	14	1	5	32	14	5	38	23	1
174	1	8	7	2	9	66	10	1	100	1	1	1	9	1	77	3	24	9	1
175	1	94	41	1	17	58	41	1	100	1	1	17	29	1	76	41	64	47	11
176	1	29	16	1	4	41	12	1	100	1	1	1	4	4	29	18	22	2	1
177	1	74	23	1	1	36	55	1	100	1	12	23	6	25	40	40	91	14	1
178	1	91	54	11	15	73	22	1	100	4	3	9	12	13	77	29	62	31	12
179	1	36	1	9	9	4	27	1	40	1	13	31	9	54	9	18	100	1	1
180	1	40	22	1	1	42	1	1	100	1	1	1	5	7	20	27	30	12	1
181	1	12	12	8	8	29	8	1	100	4	1	1	16	8	50	20	41	1	1
182	1	63	63	45	45	54	1	9	100	1	1	1	27	45	72	63	27	54	9
183	1	100	56	1	6	62	25	1	56	1	1	1	1	12	68	75	56	12	18
184	1	15	6	5	5	45	7	2	100	0	4	4	9	4	46	6	14	13	2
185	1	19	19	1	14	85	14	4	100	14	9	1	1	19	61	47	28	42	1
186	1	51	18	1	9	9	13	1	55	2	1	1	1	27	13	9	100	1	11
187	1	31	9	1	12	75	1	4	100	4	1	1	14	1	58	12	9	24	7
188	1	77	33	1	3	20	20	1	100	1	9	5	3	9	32	11	75	49	16
189	1	20	21	9	22	43	3	2	100	2	10	3	15	15	51	20	22	30	3
190	1	50	11	2	2	5	20	1	100	1	1	8	2	2	41	11	47	23	1
191	1	18	12	1	1	31	1	1	100	1	1	1	1	1	1	1	43	6	1
192	1	31	12	1	1	56	18	12	100	1	1	1	12	1	37	31	18	31	1
193	1	47	12	5	12	75	12	1	100	5	1	1	1	7	65	10	35	27	10
194	1	37	18	8	14	71	9	1	100	2	4	2	17	4	30	13	29	36	10
195	1	38	13	1	5	33	8	1	100	2	1	11	16	11	38	22	25	2	1
196	1	1	1	1	1	100	1	10	47	10	1	1	1	1	26	10	1	1	1
197	1	100	44	1	1	12	13	1	34	1	1	8	1	3	20	31	41	27	13
198	1	73	50	10	14	76	25	5	100	1	7	21	12	7	46	46	42	23	3
199	1	26	1	20	1	73	6	6	100	1	1	1	1	1	33	13	40	1	1
200	1	100	71	25	54	53	1	1	92	13	3	12	28	1	51	62	66	27	4
201	1	39	12	4	4	34	20	2	100	1	2	17	6	10	29	16	47	14	2
202	1	50	1	12	25	87	1	1	37	12	1	1	1	1	1	100	50	1	1
203	1	35	23	5	17	41	11	1	100	1	1	17	5	1	47	23	41	11	1
204	1	4	1	1	1	71	9	1	100	1	1	4	1	4	19	1	23	14	1
205	1	50	1	1	1	50	1	1	33	1	1	1	1	16	33	1	100	1	1
206	1	18	1	1	1	27	36	1	100	1	1	9	1	9	18	1	36	1	1
207	1	39	14	1	3	77	18	2	100	3	2	4	4	4	44	14	37	19	6
208	1	1	16	1	8	100	25	1	66	1	1	1	1	1	75	1	1	1	16
209	1	41	16	25	25	41	41	25	100	1	1	1	1	1	41	16	1	16	1
210	1	57	32	14	26	100	19	1	81	11	13	11	9	13	47	31	47	32	3
211	1	22	36	4	27	1	1	1	100	13	1	1	13	1	18	18	13	45	1
212	1	8	1	1	5	11	1	2	100	5	1	1	1	1	25	5	1	33	1
213	1	43	35	2	2	35	32	1	100	1	1	6	10	3	43	25	50	30	1
214	1	21	9	5	2	35	26	1	100	1	2	1	8	12	28	15	33	14	1
215	1	73	38	4	16	38	10	1	100	1	1	8	10	6	38	46	48	26	2
216	1	35	24	6	10	63	28	1	100	2	6	6	2	5	25	13	47	16	2
217	1	100	43	1	1	2	23	1	17	2	1	5	1	2	12	17	56	1	2
218	1	37	11	1	3	81	14	1	51	1	14	11	3	14	25	33	100	11	7
219	1	41	1	1	1	58	1	1	100	1	1	12	1	12	41	25	33	20	1
220	1	37	1	1	1	75	12	1	100	1	1	1	25	1	1	25	62	1	1
221	1	100	47	3	5	69	45	3	90	1	1	5	3	3	39	37	77	16	1
222	1	79	36	7	8	57	25	2	100	3	5	10	13	10	32	38	68	29	5
223	1	83	50	33	46	100	6	1	36	6	1	10	36	13	60	10	63	3	1
224	1	36	19	1	3	10	5	1	100	3	1	1	1	8	42	15	33	10	12
225	1	29	11	1	1	88	35	1	100	1	1	1	35	29	64	1	58	11	17
226	1	28	23	19	4	52	14	9	100	1	14	1	4	23	23	47	52	33	19
227	1	11	1	1	1	53	50	1	100	1	1	1	7	19	34	1	42	1	1
228	1	1	60	1	60	1	1	1	100	1	1	1	1	1	80	1	1	60	1
229	1	13	1	1	1	13	1	1	100	1	1	13	1	1	26	1	46	6	1
230	1	65	42	32	53	43	10	1	100	12	1	1	43	3	35	23	34	35	6
231	1	75	25	12	12	37	1	1	100	1	1	1	25	1	62	25	37	62	1
232	1	22	16	1	11	33	12	8	100	3	4	1	16	8	35	12	17	17	4
233	1	17	12	11	24	37	15	1	100	1	1	2	14	4	34	9	12	30	4
234	1	23	18	7	15	51	14	0	100	0	11	7	16	14	34	9	31	25	4
235	1	19	15	3	3	57	7	3	100	1	1	1	1	7	40	28	13	32	1
236	1	26	23	4	16	22	13	1	100	4	2	1	7	11	34	8	29	26	11
237	1	32	14	21	1	35	21	1	100	1	21	1	10	14	46	21	35	50	1
238	1	57	57	28	28	100	1	1	100	1	1	1	28	28	85	28	1	71	1
239	1	12	18	1	5	55	8	4	100	1	5	8	8	6	36	20	11	32	0
240	1	33	1	1	1	50	41	1	83	1	25	41	1	41	41	1	100	41	1
241	1	33	1	1	1	11	11	1	100	1	1	33	1	1	55	11	77	33	1
242	1	1	20	13	13	40	6	1	100	1	1	1	1	1	86	1	20	1	1
243	1	5	1	3	16	45	1	1	100	1	1	1	1	5	39	3	1	18	1
244	1	24	11	10	6	72	8	1	100	1	1	3	8	1	43	8	15	18	1
245	1	85	85	28	85	57	1	1	57	1	1	1	42	1	1	28	100	1	1
246	1	76	64	16	23	100	16	1	80	2	1	69	16	2	64	66	57	38	4
247	1	35	21	1	7	42	7	14	100	1	1	1	1	1	35	71	7	28	1
248	1	100	35	7	7	7	35	1	78	1	21	14	1	1	35	100	71	64	1
249	1	53	19	10	5	53	46	1	100	2	5	5	4	14	42	39	68	18	3
250	1	42	33	33	44	66	28	1	100	4	1	15	44	17	42	44	88	15	1
251	1	96	41	6	17	86	10	3	100	3	1	10	1	3	51	13	89	13	1
252	1	1	1	14	14	33	1	9	100	1	1	1	1	14	38	1	1	14	1
253	1	75	27	15	27	90	30	1	100	1	1	20	22	12	55	27	75	30	1
254	1	100	93	13	72	48	4	1	95	6	1	4	18	9	51	55	25	41	4
255	1	68	18	1	1	12	25	1	37	1	1	81	1	37	12	25	100	1	1
256	1	83	43	9	18	55	21	1	76	1	6	11	10	11	49	25	100	13	3
257	1	16	5	1	1	14	3	1	100	1	1	1	1	10	66	7	8	16	1
258	1	100	14	1	1	28	1	1	85	1	1	1	1	14	71	1	57	85	1
259	1	89	47	1	1	63	21	1	100	1	10	26	15	10	68	63	52	42	10
260	1	81	1	1	1	18	36	1	90	1	1	45	1	72	18	36	100	27	1
261	1	77	1	1	33	100	1	1	77	1	1	22	1	1	33	1	77	77	1
262	1	15	13	17	22	97	13	1	100	6	1	11	26	1	82	15	17	11	1
263	1	33	46	6	21	32	12	1	100	4	3	7	13	10	33	27	27	43	7
264	1	25	15	2	1	100	13	2	63	1	6	30	7	7	35	18	25	11	1
265	1	69	17	17	13	43	47	1	73	1	1	8	1	4	39	13	100	8	1
266	1	1	1	1	1	10	15	1	100	1	1	1	5	1	57	1	15	10	1
267	1	100	49	16	2	69	34	1	83	3	3	8	12	10	40	50	77	36	3
268	1	100	50	9	9	78	24	1	74	1	9	18	10	18	33	48	67	28	12
269	1	7	7	1	7	42	11	5	100	1	7	5	6	14	24	3	24	13	1
270	1	46	17	1	4	57	13	1	100	1	1	50	4	7	66	26	78	7	1
271	1	33	24	2	1	44	12	2	100	1	4	4	2	13	30	11	36	25	6
272	1	100	34	1	8	100	39	8	100	8	13	39	1	13	30	60	69	52	1
273	1	6	6	1	6	31	1	1	100	1	1	1	1	1	31	1	12	6	1
274	1	27	12	7	17	47	12	1	100	2	1	12	15	1	47	7	37	35	1
275	1	100	88	42	46	34	1	1	34	3	1	3	34	3	19	73	19	34	3
276	1	86	43	14	17	86	36	4	100	6	6	26	11	11	43	51	77	13	2
277	1	12	4	8	8	28	24	1	100	1	1	1	1	8	40	20	40	8	1
278	1	58	1	11	11	1	5	1	100	1	5	17	11	5	35	5	58	41	1
279	1	52	29	8	14	100	11	0	41	1	0	5	8	8	23	28	30	12	1
280	1	40	23	10	34	89	15	1	100	7	2	11	15	4	62	20	50	18	3
281	1	90	70	1	40	30	1	1	60	1	1	20	10	10	30	30	100	60	1
282	1	100	50	1	1	33	1	1	83	1	1	33	33	16	66	50	50	1	1
283	1	14	17	10	21	100	10	1	17	4	1	6	17	1	23	12	6	4	6
284	1	10	1	1	1	36	20	1	100	1	6	6	6	20	36	3	40	6	1
285	1	40	13	1	1	20	60	1	86	1	20	20	6	20	20	40	100	20	1
286	1	43	29	14	18	100	14	2	89	3	1	15	16	6	50	19	33	11	3
287	1	78	30	4	4	82	13	1	100	1	1	17	1	8	52	52	39	39	1
288	1	39	17	1	1	27	17	3	100	1	1	3	1	1	25	7	17	60	3
289	1	100	33	1	1	16	1	1	50	1	1	1	1	1	1	33	66	16	1
290	1	100	71	28	42	90	4	1	85	9	4	7	26	14	54	66	50	50	4
291	1	66	41	15	25	76	26	1	100	5	0	25	5	8	40	29	85	15	5
292	1	54	38	10	8	54	26	14	100	2	1	2	16	6	42	32	56	42	4
293	1	35	16	7	9	44	16	2	100	0	3	8	11	5	33	19	30	20	6
294	1	100	54	14	18	88	22	1	68	2	1	12	8	26	57	36	66	42	2
295	1	52	40	8	26	75	8	1	100	2	2	9	31	3	68	25	22	18	4
296	1	27	12	5	3	42	22	1	100	1	1	1	3	7	37	11	28	26	1
297	1	63	28	8	15	91	30	4	100	1	4	21	4	28	71	26	95	23	1
298	1	55	44	11	27	78	18	1	100	10	2	5	22	17	32	18	32	44	7
299	1	19	5	10	7	83	15	5	100	1	9	5	9	9	58	18	29	20	5
300	1	75	1	1	1	100	1	1	25	1	1	12	1	1	1	1	25	1	1
301	1	100	50	14	22	69	24	1	75	3	1	12	19	3	37	42	61	30	11
302	1	100	100	1	1	66	1	1	33	1	1	1	33	33	1	100	66	66	1
303	1	48	27	11	19	95	24	4	100	1	6	10	16	16	42	27	52	10	6
304	1	100	1	1	11	88	1	1	55	1	1	11	1	11	100	1	77	11	1
305	1	26	11	6	3	71	10	3	100	1	3	2	4	7	42	19	38	28	2
306	1	16	16	1	1	75	1	1	100	1	1	1	8	1	41	16	1	16	1
307	1	88	85	20	31	100	8	2	85	5	1	5	31	8	74	94	20	42	1
308	1	42	30	13	19	92	29	5	100	5	10	19	22	14	40	32	55	21	6
309	1	77	44	11	22	22	22	1	100	1	1	1	33	22	44	33	88	55	1
310	1	100	100	1	1	1	1	100	1	1	1	1	1	1	100	100	1	100	1
311	1	48	36	5	20	56	16	2	100	5	1	5	7	8	53	26	31	23	10
312	1	30	31	16	10	60	6	7	100	1	18	7	19	26	58	16	42	29	10
313	1	84	49	26	45	89	16	1	100	5	23	15	24	35	61	46	93	52	6
314	1	35	34	21	51	100	15	1	98	7	1	1	16	4	53	14	41	12	3
315	1	26	15	1	1	64	20	13	100	1	13	4	6	15	17	26	44	28	2
316	1	9	7	1	1	15	5	1	100	1	1	1	1	5	47	1	11	19	5
317	1	61	15	1	1	15	15	1	30	1	15	15	1	23	53	46	100	7	1
318	1	25	15	1	15	98	18	1	100	5	1	3	16	7	53	6	14	9	1
319	1	44	11	1	11	44	55	1	100	1	1	33	1	44	55	11	100	1	1
320	1	100	29	14	13	48	17	1	22	1	2	18	6	1	33	45	70	17	13
321	1	27	28	4	12	50	6	7	100	1	9	1	16	24	40	4	22	24	9
322	1	27	9	1	1	15	33	6	100	1	27	6	1	42	18	6	78	30	1
323	1	59	28	6	6	53	40	3	100	1	1	3	12	9	40	40	71	31	1
324	1	34	12	8	13	60	17	1	100	5	1	8	8	15	63	24	48	17	1
325	1	34	42	14	10	80	8	4	100	2	4	12	17	8	25	29	27	51	1
326	1	100	63	6	21	78	8	4	89	2	19	21	14	23	59	68	48	55	14
327	1	35	21	4	10	71	19	2	100	1	1	8	6	5	34	16	30	21	1
328	1	83	28	1	4	29	19	1	100	1	8	4	5	11	47	27	58	40	9
329	1	70	30	10	10	35	45	1	100	10	20	5	10	30	60	25	75	40	1
330	1	66	59	29	50	94	12	4	100	4	1	6	36	9	62	20	50	17	6
331	1	13	22	1	13	30	11	11	100	1	8	13	5	27	27	5	27	22	1
332	1	100	46	5	6	42	24	1	53	4	5	15	1	25	29	35	85	15	8
333	1	100	45	1	1	90	36	1	54	1	1	1	18	18	27	1	54	36	18
334	1	26	18	4	10	50	18	2	100	1	8	5	7	13	43	20	31	17	2
335	1	37	6	1	1	18	37	1	37	1	1	18	1	62	6	6	100	1	1
336	1	32	14	1	2	100	11	1	35	1	1	1	2	1	44	13	19	5	2
337	1	100	100	1	12	25	4	1	62	1	1	1	1	1	20	79	12	54	1
338	1	5	5	15	2	71	1	1	100	1	20	10	1	35	79	17	43	25	1
339	1	40	18	4	6	53	24	1	100	0	9	13	13	8	34	23	25	30	1
340	1	21	34	52	69	100	1	1	82	1	1	1	39	1	65	8	13	43	1
341	1	66	1	1	11	77	33	1	100	1	33	33	1	11	22	1	66	1	1
342	1	7	1	9	4	100	27	3	98	2	9	5	7	7	43	9	24	5	1
343	1	33	15	6	3	52	14	1	100	1	3	2	0	4	25	20	32	20	4
344	1	39	27	18	20	73	19	3	100	1	7	1	12	12	51	18	44	9	3
345	1	28	13	0	3	48	13	1	100	1	1	3	6	6	47	10	28	13	1
346	1	100	51	1	8	32	36	1	69	6	6	2	4	7	34	36	78	34	7
347	1	91	35	15	12	47	31	1	100	3	1	7	11	11	28	24	71	31	12
348	1	85	50	10	35	100	1	1	75	1	1	15	10	10	30	35	90	15	1
349	1	3	1	1	1	16	16	3	100	1	1	1	1	3	41	1	25	12	1
350	1	72	40	1	7	32	15	1	100	1	17	10	10	22	52	57	65	52	7
351	1	55	2	5	8	17	32	1	100	1	1	14	14	38	29	11	85	11	1
352	1	100	50	1	1	14	71	1	60	1	21	1	1	7	46	67	89	32	1
353	1	20	8	1	1	4	20	1	100	1	1	1	1	8	20	12	45	8	1
354	1	8	6	2	7	49	4	3	100	3	2	0	9	5	44	12	12	12	3
355	1	56	18	1	1	31	6	12	75	1	1	43	18	50	93	43	100	25	1
356	1	13	6	1	1	33	20	13	100	1	1	26	1	26	6	20	53	20	1
357	1	100	44	16	38	100	22	1	86	11	1	5	2	2	66	27	80	41	1
358	1	1	1	5	9	17	1	1	100	3	1	1	1	11	21	19	5	5	1
359	1	100	57	15	1	15	1	1	42	10	1	1	1	1	63	73	63	57	1
360	1	20	14	1	5	22	9	2	100	2	3	1	1	10	32	13	17	39	3
361	1	20	7	1	1	68	15	2	100	1	14	1	13	15	69	14	39	18	1
362	1	76	1	1	1	14	28	1	47	1	14	1	1	33	9	1	100	23	1
363	1	93	46	8	12	100	36	1	92	1	13	28	2	13	45	64	74	30	2
364	1	1	1	1	1	50	16	1	100	1	16	1	8	16	83	1	50	25	1
365	1	12	19	12	19	45	12	1	100	1	1	16	12	1	38	12	38	6	1
366	1	27	9	1	1	27	9	1	27	1	1	100	1	1	9	3	39	1	1
367	1	61	41	1	1	14	14	1	41	1	8	97	1	26	32	79	100	17	1
368	1	85	42	1	1	28	47	1	80	1	9	100	1	1	38	71	57	9	1
369	1	66	61	1	5	27	11	1	100	1	1	1	1	1	61	66	27	33	1
370	1	36	21	2	4	43	10	1	100	4	15	10	6	28	39	36	58	23	8
371	1	91	33	5	13	72	13	1	100	8	1	25	8	1	38	41	44	44	11
372	1	35	3	1	1	3	33	1	79	1	3	51	1	9	20	11	100	5	1
373	1	64	36	24	32	91	9	5	100	1	1	4	28	6	68	21	25	22	5
374	1	84	49	6	14	47	26	2	97	3	0	14	7	7	38	40	100	18	3
375	1	41	1	1	1	1	25	1	12	1	25	54	1	33	12	29	100	8	1
376	1	20	13	1	1	60	26	1	100	1	1	6	6	20	86	13	86	13	1
377	1	66	40	1	1	100	20	1	100	1	1	53	1	6	26	46	46	13	1
378	1	48	23	9	18	51	9	1	100	2	1	8	14	2	41	18	34	15	5
379	1	65	36	1	16	85	22	5	100	1	4	16	6	12	36	35	40	24	7
380	1	31	21	5	10	33	16	2	100	1	12	8	6	13	28	21	40	29	4
381	1	17	21	17	38	51	2	2	100	1	14	3	26	16	52	15	32	16	1
382	1	25	12	1	6	40	40	1	100	1	1	1	1	12	12	12	21	25	6
383	1	6	3	1	7	30	10	1	100	1	15	7	3	16	34	4	30	15	6
384	1	81	12	12	25	31	37	1	100	1	18	1	31	68	56	25	87	37	1
385	1	21	10	5	5	58	19	7	100	1	13	12	5	18	27	15	33	13	1
386	1	100	42	1	1	1	18	1	27	1	1	1	1	6	3	15	48	12	9
387	1	57	32	16	11	55	29	3	100	1	3	4	10	12	27	43	48	34	1
388	1	48	16	11	13	25	18	1	65	1	6	53	4	30	13	20	100	4	1
389	1	27	17	13	24	89	18	2	100	6	14	11	27	14	52	18	27	27	3
390	1	22	1	13	13	27	27	1	100	1	13	1	13	13	45	13	50	22	1
391	1	43	18	1	4	39	28	2	100	1	1	6	13	15	34	6	39	26	14
392	1	36	24	9	5	50	16	1	100	1	5	3	12	11	36	15	20	21	4
393	1	72	42	10	30	100	13	0	80	5	2	6	9	9	38	33	48	13	8
394	1	100	53	5	18	73	15	1	48	4	2	18	10	0	31	58	52	17	0
395	1	89	55	7	15	65	18	1	100	10	7	7	10	10	44	55	31	31	7
396	1	100	55	1	3	11	1	1	66	11	1	3	1	11	14	29	92	29	3
397	1	45	17	4	10	32	31	1	100	3	10	5	9	19	30	30	47	32	5
398	1	54	46	18	23	100	20	1	93	1	3	9	30	13	54	18	34	24	13
399	1	80	45	15	35	65	30	3	100	6	3	8	21	13	39	21	58	29	6
400	1	70	20	1	20	90	10	1	100	1	1	50	1	10	80	50	50	30	1
401	1	26	13	2	5	41	10	1	100	1	2	2	10	15	51	5	31	27	5
402	1	42	25	16	12	42	20	1	100	1	1	1	5	12	35	31	42	33	5
403	1	100	62	5	16	51	18	1	70	5	1	10	1	13	48	43	70	35	1
404	1	45	4	1	18	63	36	1	100	1	9	13	1	31	36	18	95	36	1
405	1	49	23	14	32	89	15	2	100	2	1	25	19	9	42	25	40	14	3
406	1	30	19	11	13	52	16	4	100	2	4	14	13	10	35	26	31	26	5
407	1	63	39	17	23	100	16	1	91	3	8	27	24	16	40	39	46	22	9
408	1	40	15	1	1	60	35	1	100	1	15	10	15	50	40	30	80	10	1
409	1	18	13	1	0	40	7	1	100	1	5	1	4	15	35	19	30	21	4
410	1	31	1	6	6	56	6	1	100	1	1	1	12	6	62	1	37	12	1
411	1	100	57	5	10	80	17	1	62	1	7	5	17	12	55	45	47	25	7
412	1	71	37	25	8	54	17	1	100	1	1	11	11	1	31	31	48	22	1
413	1	33	18	1	1	25	8	1	100	1	1	1	4	4	58	27	16	35	1
414	1	28	1	1	1	19	42	1	100	1	14	23	1	28	23	33	100	9	1
415	1	61	14	9	9	33	23	1	85	1	1	9	9	33	66	33	100	33	1
416	1	46	27	6	15	62	15	0	100	2	1	8	11	7	50	15	41	16	4
417	1	73	42	15	22	100	22	1	94	2	6	21	17	9	57	36	46	33	8
418	1	10	10	1	1	1	1	1	60	1	1	50	1	30	1	30	100	1	1
419	1	59	40	7	7	62	11	1	100	1	14	1	1	11	96	29	48	33	1
420	1	15	2	4	1	27	18	1	100	1	6	2	4	34	34	9	34	18	1
421	1	87	38	1	1	21	46	1	63	1	21	29	1	19	36	46	100	27	1
422	4	78	31	2	7	48	46	1	100	4	2	75	1	31	41	46	75	26	1
423	1	22	9	1	3	4	31	1	100	1	8	1	1	9	14	1	42	19	1
424	1	29	11	8	20	20	14	8	100	1	1	2	17	8	44	5	26	14	8
425	1	100	40	1	1	36	43	1	56	1	6	30	1	13	23	54	77	18	4
426	1	17	22	7	11	53	20	1	100	1	39	14	26	26	46	12	61	44	9
427	1	41	11	8	14	26	17	1	100	1	1	8	17	17	29	5	41	14	1
428	1	60	15	6	30	87	33	1	100	6	15	6	18	39	54	1	100	21	1
429	1	53	28	8	12	75	19	1	100	2	5	13	13	15	45	23	42	26	7
430	1	38	18	1	3	23	29	1	100	1	3	14	1	12	27	25	38	25	1
431	1	60	1	1	1	26	33	1	46	1	6	6	1	46	13	1	100	26	1
432	1	55	42	1	5	84	28	1	100	1	1	10	1	7	39	28	52	15	1
433	1	34	20	3	3	34	31	1	100	1	10	1	3	1	37	13	41	20	6
434	1	32	18	5	27	100	2	1	56	8	1	16	1	1	62	13	43	13	1
435	1	92	52	14	14	100	26	1	90	1	1	30	14	14	42	62	78	31	6
436	1	31	7	4	7	64	30	1	100	4	1	15	6	5	38	14	46	2	4
437	1	20	17	11	26	74	6	1	100	3	5	12	18	10	60	14	26	16	2
438	1	91	47	8	8	91	8	1	100	1	1	1	1	1	78	39	65	43	1
439	1	32	16	4	1	64	12	1	100	1	1	12	1	12	48	16	40	1	1
440	1	26	13	1	4	31	22	1	100	1	1	1	1	14	34	11	31	14	1
441	1	90	27	36	45	100	9	1	90	1	1	1	9	27	36	36	54	18	1
442	1	100	38	1	1	77	42	1	71	1	3	29	7	5	36	45	77	21	10
443	1	71	14	1	1	35	64	7	100	1	1	28	1	42	50	57	71	50	1
444	1	68	4	1	1	22	18	1	100	1	1	4	1	18	45	13	68	22	1
445	1	45	25	4	12	45	54	4	100	1	1	1	8	33	16	8	66	1	4
446	1	46	1	1	1	38	38	1	100	1	15	7	7	46	23	15	100	30	1
447	1	67	33	3	7	66	30	3	100	1	11	12	8	8	45	51	81	36	5
448	1	6	9	1	3	40	15	15	100	1	9	1	9	15	12	21	25	6	1
449	1	16	1	3	1	29	18	2	100	2	1	1	1	1	23	7	25	6	1
450	1	35	23	6	18	66	12	0	100	2	5	6	12	10	49	15	32	19	4
451	1	40	13	1	11	47	27	6	68	1	2	15	1	47	38	18	100	13	1
452	1	56	33	7	17	63	12	2	100	4	3	6	7	13	55	30	43	36	6
453	1	74	37	1	8	70	31	2	100	2	1	8	5	1	40	32	58	31	3
454	1	59	31	7	15	52	12	1	100	2	2	0	13	12	50	26	49	31	4
455	1	57	30	3	9	31	13	1	100	1	1	11	3	7	43	31	42	23	3
456	1	34	15	5	7	48	19	2	100	0	3	9	12	14	42	17	37	17	3
457	1	54	32	5	13	53	12	1	100	3	2	10	11	5	42	33	38	23	5
458	1	23	8	12	9	35	20	5	100	1	5	5	8	12	26	12	32	15	4
459	1	100	55	14	28	70	10	1	85	5	1	5	16	14	56	50	77	34	1
460	1	15	2	1	1	19	30	4	100	1	2	2	2	15	33	2	22	9	1
461	1	18	18	1	12	43	18	1	100	1	6	1	6	18	25	37	6	6	1
462	1	43	13	1	5	35	21	1	100	1	1	13	8	16	43	5	67	18	1
463	1	23	11	3	7	38	13	2	100	1	3	1	3	8	53	14	17	8	1
464	1	71	21	1	4	73	73	1	73	1	11	11	11	35	40	40	100	38	4
465	1	26	21	19	24	54	17	3	100	1	3	1	17	19	36	35	35	31	1
466	1	100	35	1	1	22	32	1	67	1	5	10	1	20	33	31	71	25	2
467	1	47	26	7	5	55	50	7	100	1	5	5	1	18	31	36	34	13	1
468	1	27	20	6	13	46	14	1	100	1	1	1	13	6	30	20	24	20	3
469	1	18	27	1	1	50	22	1	100	1	22	1	14	33	58	10	39	43	4
470	1	26	19	1	1	36	15	5	100	1	1	3	1	3	35	22	22	19	1
471	1	15	33	38	100	74	1	1	12	1	1	1	12	5	20	15	1	7	1
472	1	100	58	10	22	68	16	1	55	6	1	19	14	6	40	55	58	16	5
473	1	19	4	1	1	38	38	9	100	1	4	1	2	16	50	4	21	2	1
474	1	31	21	1	8	43	15	0	100	1	7	5	6	14	34	18	36	23	4
475	1	27	16	1	22	100	61	1	94	1	5	1	1	33	55	16	50	16	1
476	1	31	10	1	1	100	9	1	21	2	1	9	6	2	30	8	12	8	4
477	1	3	1	1	1	87	1	1	54	1	1	1	9	1	100	1	6	1	1
478	1	25	7	4	12	100	16	4	97	1	1	9	9	7	52	9	46	9	1
479	1	98	58	12	14	71	14	3	100	1	4	18	7	10	58	52	64	50	8
480	1	38	19	9	5	34	26	1	100	1	15	11	17	19	32	28	46	17	11
481	1	46	30	3	9	100	3	1	67	1	3	1	3	28	73	17	42	36	5
482	1	100	20	1	1	65	15	1	65	1	1	10	5	15	70	30	70	25	1
483	1	100	81	18	22	48	1	1	88	1	1	1	14	3	77	100	11	48	3
484	1	100	62	8	20	62	9	1	69	8	2	4	9	2	48	54	41	25	8
485	1	40	1	10	10	90	60	1	100	1	30	20	30	40	70	1	80	10	1
486	1	24	12	3	3	45	25	6	100	1	3	3	3	11	33	15	32	14	1
487	1	85	36	14	17	60	25	1	100	2	1	5	9	4	53	34	68	20	6
488	1	62	37	2	10	40	10	1	100	1	2	7	9	10	42	29	41	36	6
489	1	71	31	3	18	35	28	3	78	7	3	26	5	30	23	30	100	13	1
490	1	64	44	4	4	56	40	12	100	1	8	1	1	20	24	64	32	24	1
491	1	19	1	8	1	33	33	1	100	1	16	1	1	30	16	8	75	11	1
492	1	15	8	1	1	26	20	1	100	1	5	1	1	11	20	6	15	38	1
493	1	100	40	8	10	64	21	3	82	1	1	13	15	9	26	53	62	36	2
494	1	58	34	2	2	43	19	1	100	1	1	6	6	8	23	36	36	32	1
495	1	100	65	16	33	82	20	1	87	4	2	38	23	5	41	57	57	28	9
496	1	52	34	14	20	37	14	1	100	2	5	18	17	8	57	42	35	38	1
497	1	100	47	21	18	85	25	0	55	3	2	12	9	7	46	50	62	17	7
498	1	28	12	1	3	47	23	4	100	3	13	13	3	14	29	28	48	18	7
499	1	34	26	2	7	51	21	1	100	1	7	6	5	20	34	16	36	36	4
500	1	30	16	1	5	68	12	1	100	3	3	10	4	7	55	26	32	13	1
501	1	58	27	1	3	78	49	1	100	3	1	10	1	18	29	25	56	9	7
502	1	82	30	1	13	47	8	1	13	1	1	56	1	52	21	39	100	26	1
503	1	34	15	3	7	44	14	1	100	3	5	7	7	9	56	11	32	23	1
504	1	35	19	5	20	50	12	2	100	4	1	17	13	6	31	18	47	15	3
505	1	90	54	17	40	48	8	1	100	5	1	5	20	7	58	32	61	42	12
506	1	100	59	11	33	98	28	1	90	6	15	10	16	26	66	48	80	28	16
507	1	100	42	2	9	28	13	1	40	3	6	17	3	22	28	39	92	22	1
508	1	58	49	9	22	100	1	1	95	4	1	31	25	4	39	52	26	46	3
509	1	100	58	1	1	8	25	1	41	1	25	33	16	41	66	83	83	83	1
510	1	86	1	1	6	20	6	1	100	1	6	6	1	13	40	13	86	26	1
511	1	68	18	1	1	43	12	1	100	1	1	43	1	43	43	37	81	18	1
512	1	65	26	8	8	21	47	1	100	1	8	13	21	17	30	30	78	39	13
513	1	100	54	1	1	19	4	1	8	4	1	1	1	2	19	43	43	19	6
514	1	46	24	12	10	88	13	1	100	3	3	5	9	11	53	34	33	28	5
515	1	52	21	5	26	42	21	1	73	1	5	42	15	36	10	21	100	15	1
516	1	43	26	13	1	47	30	1	100	1	1	1	4	21	47	52	13	65	1
517	1	100	50	11	15	42	7	1	53	3	1	1	7	15	73	46	57	19	1
518	1	45	28	3	4	39	25	4	100	1	1	1	3	7	34	18	65	14	1
519	1	47	17	1	11	29	33	1	100	5	5	13	5	17	39	5	45	5	1
520	1	9	1	1	1	50	13	1	100	1	4	1	9	4	40	1	36	27	1
521	1	100	54	10	10	67	27	2	63	3	1	7	6	8	36	63	70	25	5
522	1	25	11	1	1	47	22	5	100	1	5	13	5	13	8	19	63	38	8
523	1	12	10	15	9	100	6	6	61	3	1	2	14	1	48	14	6	12	5
524	1	37	22	0	5	58	24	1	100	3	9	10	7	14	42	16	43	26	6
525	1	63	36	13	23	70	30	1	100	3	1	13	10	10	46	33	53	13	1
526	1	35	16	12	6	41	29	6	100	1	6	8	1	8	33	29	56	16	1
527	1	33	15	3	2	35	15	2	100	2	4	11	6	11	28	17	30	26	7
528	1	96	66	1	1	100	23	1	90	1	13	6	1	16	83	70	86	33	6
529	1	45	12	1	1	42	24	1	78	1	1	24	6	45	51	27	100	24	1
530	1	29	15	1	1	47	15	1	100	1	1	9	2	18	81	25	40	15	2
531	1	42	1	1	3	12	36	1	100	3	9	1	3	21	51	1	63	24	1
532	0	76	45	13	25	62	23	0	100	2	1	10	14	8	40	24	58	18	11
533	1	64	35	5	12	57	12	2	100	2	4	1	6	12	52	29	53	28	3
534	1	68	36	10	12	92	19	1	66	1	3	10	3	15	22	21	100	16	1
535	1	17	14	1	7	48	8	2	100	2	6	2	6	7	37	13	23	17	2
536	1	81	69	22	43	65	1	1	100	5	1	7	16	7	62	48	38	41	8
537	1	17	10	1	1	39	14	2	100	1	6	5	5	9	32	11	22	16	2
538	1	60	27	1	2	34	23	1	100	2	3	5	1	5	34	31	42	42	3
539	1	4	5	1	4	54	2	1	100	1	1	2	16	5	52	8	8	16	4
540	1	64	30	12	10	52	24	1	100	2	1	4	6	6	40	46	52	26	1
541	1	72	82	48	100	98	5	2	77	6	1	5	45	6	46	43	27	25	2
542	1	34	17	20	25	100	21	3	85	5	2	4	24	5	29	23	22	15	5
543	1	54	20	7	8	49	19	1	100	0	6	7	5	15	46	23	55	23	2
544	1	64	21	1	7	14	50	1	100	1	21	1	1	28	64	21	71	28	1
545	1	100	62	14	21	50	9	1	39	4	0	16	14	4	33	50	42	27	7
546	1	100	46	1	4	26	26	1	71	4	1	82	1	11	20	84	91	26	1
547	1	31	1	1	1	81	27	1	100	1	13	1	13	40	50	9	54	1	1
548	1	77	26	1	1	18	31	1	78	1	9	13	1	19	23	36	100	18	2
549	1	100	59	13	22	40	27	1	72	9	1	9	1	9	54	54	45	45	1
550	1	100	68	18	21	37	1	1	59	1	1	15	15	21	71	59	50	37	1
551	1	69	28	3	5	47	25	1	100	1	1	14	8	13	35	26	66	17	7
552	1	81	36	3	15	100	27	1	96	3	1	3	3	6	72	42	51	30	1
553	1	29	27	4	12	55	19	1	100	1	14	3	9	26	45	14	45	40	12
554	1	67	48	10	21	54	9	1	100	4	1	1	17	10	57	39	57	29	1
555	1	90	48	7	1	100	24	1	75	1	14	2	12	17	53	46	92	31	1
556	1	16	16	1	4	34	27	8	100	1	3	3	11	29	22	4	24	26	1
557	1	43	13	1	7	20	28	1	100	1	3	9	3	13	39	30	49	22	1
558	1	1	1	1	1	20	7	5	100	1	1	1	1	5	41	1	7	10	1
559	1	62	27	1	6	59	19	1	100	1	1	1	1	22	26	6	50	44	4
560	1	51	33	5	10	58	26	6	100	5	20	11	5	13	50	53	56	30	3
561	1	29	15	4	6	50	20	4	100	1	9	11	7	10	30	21	38	20	5
562	1	87	57	19	38	46	21	1	100	4	1	19	36	12	76	25	65	23	8
563	1	68	62	1	1	100	9	1	34	1	1	1	1	1	71	34	12	25	1
564	1	100	53	1	1	15	12	1	62	6	3	1	6	9	18	37	59	25	1
565	1	11	1	1	1	37	1	1	100	1	1	1	1	4	31	8	4	17	1
566	1	36	14	0	1	37	15	2	100	1	3	3	3	8	35	12	33	21	3
567	1	30	10	0	1	48	29	7	100	1	19	5	6	22	37	29	53	27	7
568	1	14	3	1	3	40	24	1	100	3	12	4	11	22	45	11	37	24	3
569	1	45	31	7	15	56	15	1	100	1	3	1	3	21	47	27	47	15	1
570	1	21	14	1	1	7	28	1	100	1	14	1	1	28	28	21	21	35	1
571	1	23	23	11	1	41	5	1	100	1	23	1	1	35	23	11	11	11	1
572	1	14	1	1	1	64	7	14	100	1	1	1	21	21	57	1	21	14	1
573	1	25	11	1	1	35	11	1	100	1	7	3	1	15	35	21	35	39	3
574	1	11	1	1	1	26	24	1	100	1	7	3	9	16	22	7	43	9	1
575	1	78	21	1	1	64	21	1	92	1	1	1	1	28	28	35	100	42	1
576	1	52	32	8	8	88	20	1	100	1	1	4	4	8	92	52	24	24	8
577	1	79	50	12	34	88	13	2	100	3	3	17	10	7	59	28	57	29	5
578	1	100	33	1	1	6	6	1	46	1	1	6	1	1	26	33	73	6	1
579	1	27	19	7	2	100	10	1	42	1	1	7	4	10	57	20	25	16	4
580	1	100	58	2	2	55	8	1	55	1	1	23	8	1	35	94	55	44	1
581	1	25	20	8	1	5	25	11	100	1	1	1	1	1	31	25	8	14	8
582	1	70	54	13	18	54	21	1	100	5	1	2	2	10	43	64	29	24	1
583	1	12	25	1	1	48	25	1	100	1	1	9	12	9	51	32	54	16	1
584	1	100	79	8	8	33	1	1	37	8	1	1	1	1	45	95	1	25	1
585	1	6	2	1	0	16	1	1	100	1	1	1	4	0	30	0	3	7	2
586	1	100	38	2	1	37	31	1	56	1	1	21	2	8	33	25	65	18	6
587	1	40	12	1	16	33	16	1	100	3	5	20	3	25	24	31	74	11	1
588	1	52	35	16	32	86	9	1	100	3	1	11	26	4	62	25	32	19	2
589	1	67	21	10	42	57	10	1	75	7	1	28	14	35	53	3	100	21	1
590	1	6	1	1	1	23	18	3	100	1	1	1	1	6	28	1	10	10	1
591	1	16	6	1	2	97	15	4	100	1	1	1	1	8	49	5	16	9	2
592	1	34	15	7	7	50	20	6	100	1	3	10	5	12	32	17	41	14	2
593	1	38	22	2	9	72	8	1	100	1	1	5	6	4	81	15	39	24	2
594	1	38	23	1	1	19	15	1	100	1	1	1	3	1	34	15	11	50	1
595	1	27	19	1	6	53	25	4	100	3	1	3	3	3	43	20	25	12	3
596	1	100	33	1	1	11	1	1	55	1	1	27	5	27	77	38	83	38	1
597	1	100	35	3	25	67	19	1	64	1	1	1	9	6	64	54	74	32	1
598	1	69	1	7	19	23	11	1	100	7	1	1	7	23	34	15	46	26	1
599	1	16	1	4	4	100	6	1	67	1	1	13	6	4	93	1	34	11	1
600	1	100	43	1	1	14	16	1	32	1	2	6	0	1	15	38	32	22	14
601	1	62	51	3	25	58	15	3	100	4	1	19	19	12	37	50	30	24	1
602	1	100	82	17	47	60	13	1	65	1	1	4	8	1	56	52	47	34	1
603	1	100	60	6	1	24	20	1	54	1	6	6	2	1	57	82	34	34	1
604	1	45	18	1	1	18	22	13	40	9	1	100	1	1	1	40	59	1	1
605	1	26	14	4	4	19	15	1	100	1	1	2	2	12	31	7	38	28	1
606	1	79	43	20	29	73	26	2	100	2	1	14	24	8	49	42	58	29	5
607	1	15	15	1	1	38	18	4	100	1	1	1	2	4	38	6	13	36	2
608	1	15	2	1	5	33	11	1	100	1	4	8	2	8	44	2	35	10	1
609	1	17	35	17	17	17	1	1	100	1	1	1	1	1	47	5	17	1	1
610	1	44	18	6	21	33	16	1	100	7	7	9	18	6	69	23	70	26	9
611	1	41	4	1	1	21	34	1	100	1	7	12	1	34	43	2	68	9	1
612	1	43	50	12	50	68	12	1	100	1	1	1	1	6	25	6	75	1	1
613	1	41	22	6	6	41	29	1	100	1	9	1	1	9	38	38	38	32	9
614	1	55	10	15	15	85	20	5	100	10	1	1	1	1	35	30	50	25	1
615	1	15	5	1	2	43	9	5	100	2	1	1	5	6	38	7	10	17	3
616	1	61	11	1	1	25	22	1	100	1	16	13	8	27	25	19	88	19	1
617	1	33	5	1	1	28	28	12	69	2	30	100	1	12	25	35	69	7	5
618	1	56	30	16	26	33	15	1	100	2	0	10	18	3	47	19	39	23	4
619	1	100	32	1	1	5	19	1	28	1	1	5	1	4	17	28	60	20	0
620	1	62	67	48	100	73	1	1	61	16	1	28	25	6	36	45	48	11	1
621	1	100	45	15	27	85	12	1	56	3	1	13	13	8	37	43	50	21	2
622	1	100	61	23	24	87	26	1	98	4	3	9	25	7	55	58	60	27	1
623	1	80	40	1	1	100	20	1	54	1	8	14	11	22	91	54	34	34	8
624	1	40	17	4	5	53	21	1	100	1	1	4	3	13	42	21	41	16	1
625	1	85	45	13	15	85	8	1	100	3	5	5	16	26	68	56	61	48	3
626	1	15	1	1	1	5	25	1	100	1	10	10	1	35	40	10	25	15	1
627	1	75	32	1	0	17	22	1	100	0	2	6	1	5	25	38	42	38	11
628	1	27	2	1	1	61	25	1	100	1	8	8	1	16	11	16	75	16	1
629	1	44	21	1	5	31	22	1	100	1	1	5	3	7	37	14	39	19	1
630	1	73	30	11	16	98	24	1	86	9	1	11	1	3	58	41	100	18	1
631	1	14	1	1	1	21	35	1	100	1	1	21	14	14	35	1	57	7	1
632	1	98	59	16	29	63	15	1	100	2	1	12	36	7	58	44	59	38	14
633	1	100	36	2	11	15	2	1	59	4	2	11	9	20	25	38	93	20	4
634	1	36	13	4	6	49	23	1	100	2	4	1	1	10	32	16	49	18	2
635	1	22	16	11	11	61	38	1	100	1	11	11	1	61	83	1	88	5	1
636	1	56	24	16	16	24	12	12	100	1	1	1	12	1	28	56	32	32	1
637	1	39	23	13	18	65	18	2	100	1	1	1	1	18	57	15	57	44	1
638	1	100	44	1	1	36	3	1	21	1	2	9	3	1	22	40	40	30	2
639	1	11	10	1	1	43	6	2	100	1	4	1	5	9	60	3	19	15	3
640	1	78	35	5	5	100	30	1	75	1	6	4	10	7	47	28	60	12	1
641	1	2	8	11	11	33	4	1	100	6	15	1	11	17	22	15	35	20	4
642	1	49	42	16	45	100	6	1	60	7	1	5	20	3	47	22	21	15	4
643	1	73	28	24	22	100	35	3	93	4	6	24	20	12	43	34	68	27	7
644	1	100	28	1	25	53	28	1	64	5	5	5	1	25	53	41	79	25	1
645	1	27	10	1	0	48	16	3	100	2	10	14	7	11	33	27	30	29	5
646	1	38	11	1	11	38	11	11	100	1	5	22	5	22	50	5	72	22	1
647	1	100	50	12	14	62	16	1	70	4	1	1	16	8	56	18	50	16	14
648	1	100	52	7	18	82	9	1	47	2	2	24	9	11	35	55	56	27	5
649	1	100	64	10	10	21	25	1	42	1	1	1	1	10	17	42	57	25	1
650	1	75	58	12	24	74	13	2	100	4	10	24	28	17	48	56	59	40	6
651	1	27	1	1	1	44	44	1	100	1	16	1	1	33	38	1	27	33	1
652	1	73	1	13	13	6	13	1	66	1	1	13	13	40	40	13	100	26	1
653	1	100	45	2	5	45	25	1	95	1	4	11	5	17	33	45	69	38	3
654	1	87	43	25	21	89	18	1	100	3	3	1	11	11	65	30	77	17	1
655	1	16	5	0	1	30	12	5	100	0	2	4	4	6	24	8	25	11	0
656	1	1	1	1	1	42	14	1	100	1	7	1	1	7	1	7	14	1	1
657	1	14	19	4	14	66	19	1	100	1	1	1	1	1	28	4	14	28	9
658	1	32	22	11	12	45	27	1	100	1	5	1	1	8	18	20	37	24	1
659	1	46	25	1	3	63	14	1	100	1	10	10	14	14	48	24	41	20	8
660	1	98	62	10	22	100	8	1	89	3	1	13	16	16	52	57	45	30	6
661	1	68	41	21	22	64	3	2	100	2	5	12	15	6	53	43	54	33	2
662	1	8	2	1	1	22	8	2	100	1	1	1	2	1	37	2	14	17	1
663	1	45	16	4	5	42	27	1	100	0	1	8	2	13	30	18	64	20	1
664	1	39	22	9	8	72	28	1	100	1	18	1	12	25	42	21	50	20	2
665	1	53	20	19	23	80	24	1	100	5	2	10	25	8	63	32	41	24	1
666	1	34	17	3	2	59	21	3	100	0	11	7	4	17	34	22	45	27	6
667	1	16	1	1	1	24	8	1	100	1	1	1	2	5	26	1	16	9	1
668	1	100	75	25	25	70	33	1	95	1	12	20	25	37	58	37	83	29	1
669	1	38	30	13	11	51	25	1	100	1	11	1	2	19	40	25	47	38	2
670	1	75	42	1	21	71	21	1	89	1	32	1	35	71	50	42	100	50	3
671	1	100	44	1	1	25	17	1	32	2	3	15	1	4	37	38	59	13	6
672	1	40	10	1	1	100	10	1	80	1	1	1	1	5	55	20	5	25	1
673	1	22	1	1	1	27	13	1	100	1	2	9	1	18	18	1	45	15	1
674	1	100	53	6	13	80	10	1	80	1	1	3	1	6	63	30	63	26	1
675	1	1	5	1	1	17	1	1	100	1	1	1	1	3	17	1	3	9	1
676	1	100	57	25	31	79	18	1	90	3	5	1	14	14	59	40	72	48	1
677	1	90	53	36	30	80	30	1	83	1	1	30	10	23	40	43	100	23	1
678	1	64	24	12	12	24	32	1	100	1	1	1	1	1	44	28	56	20	1
679	1	63	50	13	25	75	11	1	100	2	4	9	15	15	86	36	38	52	6
680	1	41	33	22	13	88	16	1	100	1	1	1	5	1	47	30	30	30	2
681	1	10	10	5	20	25	1	1	100	1	1	1	20	5	45	1	10	35	1
682	1	79	38	8	13	75	27	2	100	3	4	14	9	5	43	34	56	24	7
683	1	27	17	3	13	27	41	1	100	3	6	3	12	17	25	8	36	20	1
684	1	38	30	10	21	100	7	2	57	1	1	1	4	1	60	27	27	18	4
685	1	1	1	1	1	33	33	1	100	1	33	1	1	66	33	1	66	1	1
686	1	38	11	7	7	38	31	2	100	1	7	7	12	14	22	19	36	35	2
687	1	61	1	1	1	76	1	1	92	1	1	30	15	1	100	7	92	23	1
688	1	37	18	1	18	46	53	1	65	1	9	25	1	25	18	1	100	18	1
689	1	100	52	4	7	30	2	1	42	1	1	1	2	16	35	76	52	26	1
690	1	41	15	3	10	100	14	1	53	1	1	7	6	3	33	6	45	9	10
691	1	28	15	7	12	56	12	1	100	1	1	7	1	10	43	10	35	25	1
692	1	22	5	5	5	100	16	1	38	5	1	5	1	5	27	19	16	8	1
693	1	37	14	2	5	17	17	2	100	1	7	2	8	9	24	15	51	16	3
694	1	53	40	2	12	48	12	2	100	5	8	7	18	12	48	38	36	42	12
695	1	36	13	4	4	54	50	1	100	1	9	27	18	36	77	40	81	4	1
696	1	10	8	1	1	10	20	1	100	1	6	10	1	27	16	1	29	20	1
697	1	81	19	11	12	55	23	1	100	1	3	10	6	24	57	37	83	23	1
698	1	86	59	13	22	95	13	1	90	1	6	6	25	13	100	59	40	47	2
699	1	42	32	9	28	41	22	1	100	5	1	7	9	20	41	27	64	11	1
700	1	100	57	4	9	33	4	9	57	9	1	1	1	1	57	52	33	52	4
701	1	32	13	3	7	22	11	1	100	1	1	1	3	13	39	9	30	16	1
702	1	100	71	9	14	4	1	1	28	1	1	1	9	1	23	85	14	1	1
703	1	84	56	15	15	62	28	1	100	1	1	12	9	6	43	56	56	34	1
704	1	18	15	3	3	56	9	1	100	1	16	3	5	17	40	15	30	23	5
705	1	100	66	12	33	48	7	1	40	3	1	1	8	1	33	38	38	20	0
706	1	100	93	13	13	66	26	1	93	1	1	6	1	1	66	53	73	53	1
707	1	2	2	1	3	51	7	3	100	1	3	2	6	9	33	1	12	10	0
708	1	72	50	12	24	90	3	1	100	1	1	1	16	7	96	24	37	29	1
709	1	100	37	1	2	27	24	1	55	2	1	22	0	1	27	31	51	19	8
710	1	46	17	16	20	18	38	1	100	1	13	9	17	21	32	21	53	21	2
711	1	15	13	11	14	58	3	0	100	0	2	4	13	3	57	10	10	16	2
712	1	38	49	17	53	100	1	1	66	7	1	1	20	0	66	21	10	11	7
713	1	9	1	1	4	33	14	1	100	1	9	4	1	19	19	1	38	9	1
714	1	100	59	2	5	40	1	1	35	1	1	1	2	10	37	45	70	27	1
715	1	100	38	16	12	90	30	1	91	1	1	10	9	2	61	50	80	37	8
716	1	43	34	12	24	76	13	1	100	2	6	6	24	15	61	18	28	34	5
717	1	44	13	1	1	31	26	1	100	2	5	5	2	22	36	16	51	10	1
718	1	100	37	1	1	50	3	1	68	1	1	1	3	9	43	21	93	18	1
719	1	11	11	1	3	33	3	1	100	1	1	3	1	5	33	1	38	16	5
720	1	2	5	1	5	35	12	1	100	1	7	1	2	17	40	5	30	15	1
721	1	61	33	3	12	50	12	2	100	3	1	3	3	9	51	34	31	30	4
722	1	66	33	1	11	55	33	1	88	1	3	11	1	51	44	18	100	25	1
723	1	100	66	33	8	75	1	1	91	1	8	1	1	8	66	75	50	41	1
724	1	28	10	1	7	53	28	1	100	1	3	17	1	32	39	10	60	7	1
725	1	80	15	1	1	50	15	1	100	1	1	5	1	35	70	25	100	45	1
726	1	29	11	11	29	100	1	1	35	17	1	1	1	1	17	11	11	1	1
727	1	100	46	13	11	75	20	1	61	1	1	9	13	7	51	35	53	26	9
728	1	23	15	1	7	19	11	1	100	1	1	1	7	11	19	1	57	11	1
729	1	92	1	1	1	38	1	1	30	1	1	1	15	38	61	1	100	7	1
730	1	52	32	8	16	72	20	1	100	1	1	1	1	1	52	64	44	16	1
731	1	10	18	2	11	61	8	1	100	1	2	1	18	12	77	2	15	11	4
732	1	23	17	1	35	64	17	1	100	1	1	11	5	5	35	1	58	47	1
733	1	10	5	1	2	19	15	3	100	1	2	1	1	10	28	3	13	12	1
734	1	44	36	8	22	42	1	1	100	4	1	4	34	12	91	26	40	28	4
735	1	43	24	5	10	43	16	5	100	1	1	8	5	16	48	27	37	37	1
736	1	36	21	10	10	31	31	1	100	1	1	1	10	10	52	10	1	31	1
737	1	38	8	5	1	38	41	5	100	1	5	1	8	1	5	38	25	19	1
738	1	100	57	17	17	65	6	1	72	3	2	8	11	9	34	74	50	37	6
739	1	79	48	1	6	37	34	1	100	1	1	1	6	24	62	34	79	48	10
740	1	38	1	1	1	53	30	1	76	1	23	15	23	38	46	7	100	30	1
741	1	66	30	1	4	75	14	2	100	1	2	7	7	10	80	20	54	30	2
742	1	28	14	7	7	32	25	1	100	1	1	1	1	7	32	28	17	10	1
743	1	37	8	5	2	25	20	1	100	1	8	1	2	11	34	22	60	22	1
744	1	34	13	8	8	39	47	1	100	1	26	8	1	47	30	4	95	17	1
745	1	22	11	4	4	27	22	1	100	1	4	2	1	15	13	20	40	22	11
746	1	100	50	2	8	29	5	1	26	1	2	7	4	1	27	39	42	20	1
747	1	27	16	13	21	59	17	6	100	1	5	7	14	13	34	17	31	24	3
748	1	80	32	18	10	63	10	7	100	1	9	9	14	14	51	56	47	48	2
749	1	100	61	13	34	85	16	0	99	7	3	11	19	14	49	46	66	35	10
750	1	68	43	1	12	56	12	1	87	1	1	12	1	25	62	37	100	43	1
751	1	55	39	18	24	100	16	1	73	2	3	5	30	12	60	35	42	16	1
752	1	39	21	1	14	65	43	2	100	1	7	21	1	39	24	21	85	12	4
753	1	49	21	5	9	45	13	1	100	1	17	1	5	9	39	9	29	39	7
754	1	37	14	1	11	33	22	1	100	1	1	3	1	14	29	1	55	7	3
755	1	70	15	10	25	45	10	1	100	1	10	5	15	25	55	20	95	50	1
756	1	100	64	40	71	80	16	1	90	7	4	7	50	11	71	71	95	23	4
757	1	100	51	12	12	29	12	1	52	1	1	12	7	8	23	52	62	26	8
758	1	65	35	2	7	100	22	5	96	2	7	15	13	21	43	40	65	17	5
759	1	100	55	7	7	32	7	1	40	1	1	1	1	12	40	42	75	27	1
760	1	36	12	8	8	84	1	1	88	1	1	12	40	4	100	40	36	16	1
761	1	86	47	1	2	22	13	1	100	1	1	16	1	2	55	38	55	36	5
762	1	31	15	1	1	36	15	1	100	1	15	1	1	15	94	10	26	26	1
763	1	31	15	10	12	45	17	2	100	1	1	2	12	8	37	15	32	19	3
764	1	42	30	26	33	54	9	1	100	3	4	2	30	7	57	19	53	25	1
765	1	8	5	1	5	50	8	5	100	1	1	1	1	1	38	1	1	19	1
766	1	43	30	4	17	68	10	1	100	1	5	22	24	10	39	29	22	30	4
767	1	48	21	12	17	57	14	1	100	4	4	4	12	10	48	23	46	25	6
768	1	64	35	7	7	74	28	1	100	1	1	7	1	7	69	23	46	15	1
769	1	58	23	17	17	100	5	1	29	5	1	1	5	1	41	41	29	17	1
770	1	53	30	11	21	50	12	4	100	1	1	4	11	9	49	29	56	5	1
771	1	22	27	45	55	100	3	1	81	4	1	1	29	4	80	14	9	18	1
772	1	65	20	1	5	25	31	1	88	1	8	5	1	40	28	20	100	25	1
773	1	36	20	16	7	83	22	2	100	2	2	10	7	3	38	44	27	20	1
774	1	100	69	1	1	51	20	5	100	1	1	10	5	5	38	56	46	61	5
775	1	20	5	1	1	20	25	1	100	1	2	11	1	25	11	17	48	11	1
776	1	60	36	8	13	50	21	1	100	1	11	47	13	16	44	44	50	36	13
777	1	16	6	4	4	65	10	1	100	1	1	4	1	2	16	8	26	28	1
778	1	100	20	1	1	100	25	1	95	1	1	33	16	4	20	50	87	16	1
779	1	96	66	30	46	100	1	1	40	3	1	6	33	6	66	76	53	40	1
780	1	82	57	1	8	33	5	1	100	5	1	1	16	3	58	26	19	51	8
781	1	53	38	1	1	21	36	1	100	1	6	1	2	25	27	46	27	46	6
782	1	51	21	4	18	51	20	1	100	4	3	14	8	18	40	21	70	12	1
783	1	85	20	1	1	65	50	1	100	1	15	45	1	50	30	60	85	20	1
784	1	40	16	1	4	11	35	1	100	1	9	4	1	33	23	16	64	16	1
785	1	100	35	11	11	100	29	1	58	1	1	23	5	1	47	58	76	52	5
786	1	58	36	20	32	50	7	1	100	2	3	8	25	6	52	33	28	33	5
787	1	42	7	1	12	32	20	1	100	2	7	10	5	12	45	12	62	22	1
788	1	62	31	1	8	24	17	0	100	2	4	10	5	10	31	25	59	43	13
789	1	21	11	2	2	35	30	1	100	1	1	2	1	4	30	11	28	11	1
790	1	100	40	2	11	98	12	1	94	2	2	19	7	5	70	46	52	22	11
791	1	70	40	1	15	25	50	1	100	1	10	5	10	45	80	30	90	45	1
792	1	32	12	9	25	35	32	1	100	1	1	1	6	9	29	12	38	12	1
793	1	96	62	13	17	86	55	10	100	1	3	10	1	3	34	65	82	24	1
794	1	53	22	13	13	73	35	6	100	1	1	1	13	1	40	20	13	20	1
795	1	61	46	14	25	100	17	1	48	4	2	17	26	5	25	41	29	13	1
796	1	89	45	5	21	83	17	0	100	2	4	10	15	24	81	41	72	19	1
797	1	100	75	1	8	83	25	1	16	1	1	1	1	1	75	83	8	50	1
798	1	62	61	10	47	100	10	1	50	6	1	2	21	12	58	25	32	14	2
799	1	38	38	1	7	34	11	1	100	1	15	3	11	34	53	19	34	23	1
800	1	100	57	9	14	52	9	1	95	1	1	1	9	9	57	47	57	28	1
801	1	70	19	1	3	32	22	1	38	1	6	41	1	41	35	25	100	19	1
802	1	83	25	1	4	20	14	1	47	1	14	100	1	25	10	68	100	20	4
803	1	18	3	7	11	29	7	1	100	1	1	7	11	11	29	3	40	25	1
804	1	100	59	11	24	84	20	1	91	7	3	26	11	13	40	51	70	36	7
805	1	68	35	16	25	96	23	8	100	2	4	25	23	9	29	37	62	16	5
806	1	76	38	14	11	85	40	1	100	1	11	10	23	10	47	42	47	31	1
807	1	100	73	28	49	48	10	2	57	6	3	2	34	6	36	39	40	26	7
808	1	37	3	1	1	13	41	1	100	1	10	3	1	31	44	20	68	17	1
809	1	50	1	1	1	5	44	1	88	1	27	16	5	61	50	5	100	16	1
810	1	82	14	1	21	100	10	1	57	1	1	3	10	50	32	1	78	28	1
811	1	41	17	1	47	76	11	1	100	23	1	29	1	11	35	17	100	35	1
812	1	63	4	1	1	31	13	1	31	1	4	18	1	36	31	4	100	9	1
813	1	92	38	7	15	23	15	1	100	1	1	15	23	15	30	46	84	38	1
814	1	31	4	1	1	9	27	1	40	1	4	100	1	1	4	22	72	1	1
815	1	49	35	22	35	48	4	1	100	4	2	8	27	11	39	35	30	33	4
816	1	83	20	1	8	29	20	1	58	1	1	16	1	29	20	33	100	25	1
817	1	100	41	6	6	20	37	1	51	1	1	10	1	24	20	27	86	3	1
818	1	66	11	1	1	16	27	1	100	1	16	16	1	27	50	22	77	38	1
819	1	30	6	1	6	53	43	1	100	1	10	1	6	23	50	1	43	23	6
820	1	45	1	9	9	27	27	1	90	1	27	45	9	63	45	36	100	18	1
821	1	39	41	16	32	47	6	4	100	1	4	4	20	6	43	5	20	23	6
822	1	25	10	80	40	100	10	1	5	1	1	1	40	20	15	30	50	5	1
823	1	53	25	15	19	86	23	1	100	3	6	5	11	10	48	33	46	31	1
824	1	1	16	1	50	50	16	1	100	1	1	16	1	33	33	1	100	1	1
825	1	100	44	1	6	47	19	1	65	7	1	5	1	11	28	39	97	22	1
826	1	100	41	20	18	19	21	1	29	0	2	9	12	0	24	43	34	16	6
827	1	56	6	1	1	62	25	1	100	1	12	18	6	18	43	18	75	25	1
828	1	11	4	1	1	28	11	1	100	1	2	1	1	8	32	6	18	6	1
829	1	18	9	9	6	47	6	1	100	1	1	1	9	6	53	9	16	15	1
830	1	100	56	16	18	70	11	1	73	1	7	2	17	3	69	35	41	43	16
831	1	68	29	3	7	31	19	1	100	1	1	1	1	14	40	40	66	26	1
832	1	100	15	1	1	23	15	1	76	1	1	23	1	38	61	38	76	61	1
833	1	50	15	4	3	45	39	4	100	1	14	27	3	8	15	37	61	22	9
834	1	46	21	1	3	27	21	1	100	1	1	10	1	10	43	21	34	25	1
835	1	24	12	1	7	19	9	1	100	1	7	8	16	8	26	14	22	14	2
836	1	17	10	1	1	48	31	4	100	1	29	6	1	38	25	12	44	21	1
837	1	15	18	3	15	56	3	1	100	3	1	1	12	6	81	12	6	9	1
838	1	72	52	21	19	92	23	1	100	2	2	1	22	14	76	52	35	28	1
839	1	66	22	5	5	41	25	5	100	1	1	2	1	5	50	36	44	30	1
840	1	29	25	9	16	61	13	5	100	1	13	11	16	20	42	22	40	29	4
841	1	50	15	1	3	15	25	9	87	3	9	12	1	31	40	21	100	21	1
842	1	32	1	1	1	36	24	1	100	1	12	4	4	40	52	16	80	1	1
843	1	85	63	7	10	20	2	1	64	2	5	48	10	5	16	100	57	35	4
844	1	100	75	25	31	75	27	1	81	2	2	2	20	1	95	52	41	50	2
845	1	7	1	1	7	26	7	1	100	7	3	1	1	3	53	1	15	23	1
846	1	56	36	5	15	76	20	1	100	3	10	17	15	14	53	25	44	27	9
847	1	66	49	14	26	100	7	1	100	1	1	22	24	12	64	75	54	24	1
848	1	50	51	6	21	95	7	4	100	7	11	5	24	24	69	36	31	39	3
849	1	89	31	20	20	1	1	1	100	1	1	37	20	1	58	41	55	31	1
850	1	100	73	17	38	98	1	1	65	1	1	5	34	3	73	44	53	40	9
851	1	87	32	8	12	46	42	1	100	2	4	9	7	12	32	31	80	27	2
852	1	100	53	28	30	61	10	1	30	7	1	10	2	5	20	51	64	30	2
853	1	48	12	1	16	16	36	1	72	1	16	16	1	40	12	20	100	20	1
854	1	27	20	0	7	45	21	2	100	1	4	8	4	18	37	24	40	15	3
855	1	15	3	1	1	15	1	1	100	1	1	1	1	7	34	11	15	1	7
856	1	30	1	1	1	23	15	1	100	1	1	7	1	26	30	11	53	19	1
857	1	10	1	1	15	45	5	1	100	5	1	1	1	5	50	15	10	1	1
858	1	55	5	1	1	11	61	1	100	1	1	5	5	33	11	1	55	27	1
859	1	9	2	1	1	61	4	1	100	1	1	7	1	1	61	1	14	1	1
860	1	16	1	1	1	75	17	1	100	1	3	1	3	14	51	5	25	10	1
861	1	1	1	1	4	43	3	1	100	1	1	1	9	1	56	1	1	4	1
862	1	82	52	6	15	50	20	1	100	5	6	16	14	10	41	56	62	41	5
863	1	37	10	1	1	27	33	2	100	1	4	20	2	34	34	18	71	14	1
864	1	77	44	18	27	75	19	1	100	5	1	15	15	12	39	36	61	25	6
865	1	40	30	60	10	60	50	15	100	1	15	1	10	20	15	55	55	15	1
866	1	1	1	1	1	63	1	1	100	1	1	1	18	1	36	1	18	1	1
867	1	64	30	2	4	25	11	2	100	0	5	0	7	16	30	49	58	46	2
868	1	69	51	31	15	71	22	1	100	2	2	14	8	6	31	58	53	34	10
869	1	43	26	13	17	91	26	1	100	8	1	4	4	1	60	26	26	26	1
870	1	28	11	3	4	63	21	2	100	1	9	6	4	16	39	13	52	22	5
871	1	100	33	1	2	47	26	3	100	1	3	5	3	8	58	34	51	33	11
872	1	74	23	5	12	79	10	1	89	5	1	17	1	17	56	15	100	5	1
873	1	83	1	1	1	33	16	1	100	1	1	8	1	41	41	8	50	16	1
874	1	12	1	1	1	19	23	1	100	1	12	1	4	21	48	1	25	10	1
875	1	34	15	6	7	42	20	2	100	2	5	6	5	16	37	30	47	25	1
876	1	28	17	1	1	42	7	10	100	1	1	3	3	1	25	1	3	39	7
877	1	33	15	2	4	45	7	1	100	1	1	4	7	6	86	16	38	27	2
878	1	15	14	5	11	51	6	1	100	1	0	1	7	4	61	12	7	20	4
879	1	94	66	11	27	88	16	1	94	1	1	1	1	5	100	44	33	33	1
880	1	90	31	8	17	100	37	0	97	4	5	14	6	16	42	36	77	19	7
881	1	79	58	12	27	75	12	1	100	6	6	12	17	13	48	42	62	46	5
882	1	92	56	28	57	78	5	1	100	5	3	13	31	12	56	59	49	35	10
883	1	38	19	2	5	71	19	3	100	0	4	5	3	12	52	20	41	15	4
884	1	12	5	1	1	23	9	1	100	1	1	1	1	1	40	10	16	3	5
885	1	61	41	54	61	100	5	1	72	3	1	1	47	5	69	23	29	18	5
886	1	84	34	7	10	77	28	4	100	2	3	10	9	5	44	37	59	29	3
887	1	68	69	35	61	100	12	4	70	7	2	10	31	2	36	47	37	21	3
888	1	8	1	1	1	95	8	8	87	1	1	1	1	12	100	1	8	37	1
889	1	64	32	5	9	85	29	5	100	2	5	6	10	12	45	29	57	27	6
890	1	47	37	8	19	50	9	1	100	3	11	27	8	15	37	47	36	44	8
891	1	37	21	1	1	37	8	1	100	1	1	1	4	4	47	8	34	18	1
892	1	77	50	14	32	83	24	1	100	6	5	9	12	14	48	40	51	37	11
893	1	100	51	21	24	70	18	1	62	5	1	5	1	8	70	54	59	48	1
894	1	15	7	0	0	26	13	2	100	1	1	0	1	9	32	8	28	11	0
895	1	68	68	12	31	93	12	1	56	1	1	1	1	12	100	43	50	37	1
896	1	74	38	13	14	63	21	1	100	1	9	12	14	17	49	41	49	32	7
897	1	100	58	19	42	80	13	1	84	9	4	28	26	10	49	48	63	36	16
898	1	52	14	1	4	61	42	1	100	1	9	14	14	38	38	33	71	4	1
899	1	77	36	8	13	74	6	2	100	2	2	6	15	13	68	42	51	37	9
900	1	11	5	1	1	22	22	1	100	1	1	5	1	16	33	16	38	44	27
901	1	77	53	6	37	100	5	1	45	2	0	5	13	5	53	46	34	22	5
902	1	96	32	19	38	54	19	1	100	6	3	3	12	32	41	54	74	64	1
903	1	32	13	3	4	45	24	3	100	1	4	8	5	10	16	12	35	24	2
904	1	9	9	1	1	54	1	1	56	1	1	6	11	6	100	1	19	4	3
905	1	34	3	1	1	34	28	1	100	1	9	1	1	25	28	9	65	15	1
906	1	15	5	9	3	13	30	1	100	1	1	1	3	7	38	9	34	19	1
907	1	36	21	4	9	62	14	1	100	1	1	7	6	12	59	10	46	20	1
908	1	49	13	1	9	49	21	3	100	7	17	15	5	19	52	35	80	39	1
909	1	14	1	1	6	26	1	1	100	1	1	2	8	2	30	1	8	10	1
910	1	82	43	5	5	28	38	1	100	1	1	7	2	7	30	20	61	15	1
911	1	42	46	22	49	100	5	1	77	4	4	12	39	19	49	26	29	22	7
912	1	22	34	9	27	72	15	1	100	6	6	9	40	15	54	18	22	22	6
913	1	54	28	14	15	53	19	1	100	1	9	12	19	7	34	47	50	23	2
914	1	3	1	1	1	48	1	1	62	1	1	1	11	1	100	1	11	1	1
915	1	27	5	1	5	33	22	1	100	1	22	5	1	27	38	16	61	11	1
916	1	42	22	2	3	54	17	1	100	1	2	7	5	4	43	25	36	23	4
917	1	5	5	5	5	43	17	1	100	1	1	1	7	2	46	2	15	7	1
918	1	11	8	1	6	48	2	4	100	1	6	2	9	7	44	5	9	15	1
919	1	28	18	7	21	42	14	1	100	5	1	10	8	11	35	17	41	11	1
920	1	31	5	1	1	10	31	1	100	1	10	15	1	42	36	15	73	1	1
921	1	100	75	12	42	98	8	1	73	10	1	3	19	17	84	49	42	28	1
922	1	100	73	23	33	87	14	1	59	2	4	8	30	2	61	66	33	28	4
923	1	94	50	1	5	60	50	1	100	6	3	12	1	24	46	34	96	15	1
924	1	46	31	10	7	33	22	2	100	1	1	3	9	1	44	28	28	27	1
925	1	20	1	1	1	4	29	1	62	1	4	66	1	29	8	4	100	4	1
926	1	16	1	1	1	27	11	1	100	1	11	5	5	11	22	11	38	16	1
927	1	88	60	32	55	100	16	1	44	11	1	5	22	8	41	48	52	10	1
928	1	56	31	6	13	59	13	6	100	1	1	2	1	22	54	20	34	9	1
929	1	47	9	1	9	20	26	1	100	3	9	5	5	13	24	37	43	43	7
930	1	47	13	2	5	69	2	1	100	1	1	1	1	2	44	13	36	25	1
931	1	36	11	1	2	26	15	1	100	1	2	1	1	9	36	12	31	25	1
932	1	32	29	7	5	63	9	4	100	0	11	10	7	20	34	28	35	28	10
933	1	68	22	2	6	52	35	1	100	1	5	7	7	7	17	39	42	35	11
934	1	52	38	8	18	82	13	1	100	4	7	6	24	13	52	36	27	20	8
935	1	83	38	2	2	41	11	1	100	1	1	1	1	5	75	11	63	25	1
936	1	27	12	1	2	56	16	2	100	1	1	2	3	8	41	17	26	7	1
937	1	26	14	7	4	34	7	4	100	1	1	1	1	4	34	14	19	19	1
938	1	100	58	17	29	94	23	1	98	5	3	17	13	13	58	62	88	25	1
939	1	80	32	4	4	82	15	1	100	4	1	2	4	4	60	36	54	19	1
940	1	43	17	6	14	82	20	1	100	1	7	5	11	8	47	29	38	24	1
941	1	100	72	44	27	83	5	1	61	1	1	1	11	16	16	83	77	16	1
942	1	50	40	14	40	61	1	1	100	5	4	6	16	24	54	17	53	36	10
943	1	99	47	2	8	58	37	1	100	0	1	21	6	4	40	24	60	23	7
