1	0	38	0	0	0	70	0	0	100	0	0	0	0	0	43	36	37	0	0
2	0	20	0	0	0	35	28	0	100	0	0	0	0	0	60	0	37	0	0
3	0	37	0	0	0	50	0	0	100	0	0	0	0	31	0	37	37	0	0
4	0	83	0	0	0	50	66	0	75	0	0	0	0	58	0	0	100	0	0
5	0	81	54	32	0	100	0	0	0	0	0	27	0	0	0	63	0	0	0
6	0	31	28	0	0	82	0	0	100	0	0	0	0	0	51	0	28	0	0
7	0	44	0	0	0	41	0	0	100	0	0	0	0	0	0	33	43	30	0
8	0	100	51	0	0	0	23	0	25	0	0	0	0	0	0	48	32	0	0
9	0	56	56	0	0	75	0	0	62	0	0	0	0	0	100	0	0	37	0
10	0	26	0	0	0	54	0	0	100	0	0	0	0	0	53	0	38	28	0
11	0	24	0	0	0	74	0	0	100	0	0	0	0	0	44	22	22	0	0
12	0	65	19	0	0	100	0	0	80	0	0	0	0	0	76	0	53	0	0
13	0	53	0	0	0	59	0	0	100	0	0	0	0	0	43	26	37	0	0
14	0	45	30	0	0	90	0	0	100	0	0	0	0	39	0	0	48	0	0
15	0	30	0	0	0	46	0	0	100	0	0	0	0	0	81	23	0	25	0
16	0	59	0	0	0	86	45	0	100	0	0	0	0	0	54	0	66	0	0
17	0	0	25	0	0	50	0	0	100	0	0	0	0	0	25	31	18	0	0
18	0	16	0	0	0	60	0	0	100	0	0	0	0	0	36	0	15	14	0
19	0	0	0	0	30	100	0	0	70	0	0	0	20	0	40	0	30	0	0
20	0	100	77	0	0	33	0	0	72	0	0	0	0	0	0	33	0	38	0
21	0	48	0	0	0	82	31	0	60	0	0	100	0	0	0	0	65	0	0
22	0	100	47	0	0	71	0	0	38	0	0	0	0	0	35	35	0	0	0
23	0	54	47	0	0	90	0	0	100	0	0	0	0	0	0	58	49	0	0
24	0	33	0	0	0	60	31	0	100	0	0	0	0	0	54	0	52	0	0
25	0	72	0	0	0	100	0	0	93	0	0	0	0	0	41	65	86	0	0
26	0	75	44	0	0	51	0	0	100	0	0	0	0	0	75	0	55	0	0
27	0	66	50	0	0	50	0	0	100	0	0	66	0	0	0	0	50	0	0
28	0	61	25	0	0	0	0	0	51	0	0	74	0	0	0	80	100	0	0
29	0	37	0	0	0	0	43	0	100	0	0	0	0	0	50	0	87	37	0
30	0	95	75	0	0	100	0	0	65	0	0	0	0	0	70	70	0	0	0
31	0	0	0	0	0	35	0	47	100	0	0	0	0	0	47	29	35	0	0
32	0	81	50	0	0	0	0	0	100	0	0	0	0	0	62	68	43	0	0
33	0	61	0	0	0	0	0	0	50	0	0	22	0	22	0	22	100	0	0
34	0	0	0	0	0	0	16	0	100	0	0	0	0	25	50	0	0	0	0
35	0	90	0	0	0	0	0	0	45	0	0	0	0	36	27	0	100	27	0
36	0	0	0	0	60	100	0	0	40	0	0	0	0	50	0	30	70	0	0
37	0	100	45	0	0	0	0	0	11	0	0	0	0	0	25	35	39	0	0
38	0	0	75	0	92	100	0	0	75	0	0	0	0	0	60	0	52	0	0
39	0	54	0	0	0	63	0	0	72	0	0	0	0	27	63	0	100	0	0
40	0	50	0	0	0	80	0	0	100	0	0	0	0	20	0	20	80	0	0
41	0	50	0	0	0	100	0	0	95	0	0	0	0	0	0	77	36	81	0
42	0	55	60	0	0	72	0	0	100	0	0	0	0	0	58	35	0	0	0
43	0	46	26	0	0	100	0	0	70	0	0	0	0	0	49	0	32	0	0
44	0	58	0	0	0	58	0	0	100	0	0	0	0	0	0	63	50	54	0
45	0	43	60	0	0	100	0	0	34	0	0	0	0	0	56	43	0	0	0
46	0	38	0	0	0	0	22	0	100	0	0	0	0	0	55	0	50	33	0
47	0	0	0	0	0	31	25	0	100	0	0	0	0	25	0	12	12	0	0
48	0	0	0	0	0	40	18	0	100	0	0	0	0	18	0	0	40	21	0
49	0	0	0	22	34	100	0	0	71	0	0	0	40	0	0	0	20	0	0
50	0	0	0	0	0	27	45	0	100	0	0	0	27	36	63	0	0	0	0
51	0	100	88	0	0	50	0	0	0	0	0	0	0	0	88	55	0	50	0
52	0	0	23	0	0	29	0	0	100	0	0	0	0	0	0	27	23	21	0
53	0	100	50	0	0	37	0	0	62	0	0	0	0	0	0	56	62	0	0
54	0	100	55	0	0	44	0	0	88	0	0	0	0	0	0	44	94	0	0
55	0	100	58	0	0	0	0	0	0	0	0	0	0	0	23	35	41	47	0
56	0	100	56	0	0	76	0	0	62	0	0	0	0	0	46	0	58	0	0
57	0	91	48	0	0	100	0	0	68	0	0	0	0	0	0	48	65	0	0
58	0	30	0	0	0	86	0	0	100	0	0	0	0	0	39	27	32	0	0
59	0	38	22	0	0	47	0	0	100	0	0	0	0	0	37	0	45	0	0
60	0	51	0	0	0	47	0	0	100	0	0	0	0	0	44	44	45	0	0
61	0	80	40	0	40	0	0	0	80	0	0	0	0	0	0	40	100	0	0
62	0	52	41	0	0	42	0	0	100	0	0	0	0	0	48	0	0	35	0
63	0	25	0	0	0	39	0	0	100	0	0	0	0	17	42	0	32	0	0
64	0	78	51	0	0	50	0	0	100	0	0	0	0	0	0	47	45	0	0
65	0	15	0	0	0	55	0	0	100	0	0	0	0	0	38	0	23	16	0
66	0	100	46	0	0	66	0	0	73	0	0	0	0	0	53	0	53	0	0
67	0	100	55	0	0	88	44	0	0	0	0	0	0	0	22	0	66	0	0
68	0	25	0	0	0	20	0	0	100	0	0	0	0	0	65	30	0	30	0
69	0	80	41	0	0	0	0	0	100	0	0	0	0	0	58	51	67	0	0
70	0	100	77	0	56	79	0	0	75	0	0	0	0	0	0	63	0	0	0
71	0	0	0	0	0	44	0	0	100	0	0	0	0	0	44	32	20	20	0
72	0	28	0	0	0	26	23	0	100	0	0	0	0	0	21	0	42	0	0
73	0	24	0	0	0	48	0	0	100	0	0	0	0	0	33	45	21	0	0
74	0	33	0	0	0	28	0	0	100	0	0	0	0	28	42	0	61	0	0
75	0	53	28	25	0	100	0	0	50	0	0	0	0	0	0	0	42	0	0
76	0	0	0	0	0	34	28	0	100	0	0	0	0	0	39	44	28	0	0
77	0	58	41	0	0	55	0	0	100	0	0	0	0	0	0	34	41	0	0
78	0	0	0	0	0	100	0	0	61	15	0	0	0	0	38	30	15	0	0
79	0	14	0	0	0	35	0	0	100	0	0	0	0	0	50	14	0	19	0
80	0	8	0	0	0	0	12	0	100	0	0	0	0	0	37	0	20	25	0
81	0	50	0	0	0	77	0	0	100	0	0	0	22	0	45	0	40	0	0
82	0	0	0	38	40	77	0	0	100	0	0	0	0	0	72	0	0	56	0
83	0	65	39	0	0	100	0	0	69	0	0	0	0	0	65	0	67	0	0
84	0	40	0	0	0	74	0	0	100	0	0	0	0	0	57	0	71	28	0
85	0	29	0	0	0	51	0	0	100	0	0	0	0	0	41	21	0	23	0
86	0	0	0	0	33	100	0	0	100	0	0	0	0	0	0	33	33	44	0
87	0	67	32	0	0	100	0	0	42	0	0	0	0	0	47	43	0	0	0
88	0	27	0	0	0	22	0	0	100	0	0	0	0	0	61	0	22	33	0
89	0	40	27	0	0	100	0	0	93	0	0	0	0	0	77	31	0	0	0
90	0	13	0	0	0	44	0	0	100	0	0	0	0	0	35	0	27	17	0
91	0	69	34	0	0	0	0	0	100	0	0	0	0	0	0	36	59	65	0
92	0	56	0	0	0	81	0	0	100	0	0	0	0	0	46	35	60	0	0
93	0	40	0	60	60	60	0	0	100	0	0	0	0	0	80	0	0	0	0
94	0	37	0	0	0	64	0	0	100	0	0	0	0	0	30	0	24	21	0
95	0	73	57	0	52	86	0	0	100	0	0	0	0	0	53	0	0	0	0
96	0	88	0	0	0	0	0	0	100	0	0	44	0	0	44	62	59	0	0
97	0	56	46	0	0	90	0	0	73	0	0	0	0	0	0	100	66	0	0
98	0	17	0	0	0	100	0	0	0	0	0	0	0	14	14	0	14	0	10
99	0	87	40	0	0	72	0	0	100	0	0	0	0	0	42	0	59	0	0
100	0	47	0	0	0	30	0	0	100	0	0	0	0	0	26	0	65	30	0
101	0	92	92	0	0	100	0	0	78	0	0	0	0	0	85	0	92	0	0
102	0	100	64	0	0	100	0	0	68	0	0	0	0	0	0	60	48	0	0
103	0	58	41	0	0	100	0	0	33	0	0	0	0	0	58	50	0	0	0
104	0	45	0	0	0	43	0	0	100	0	0	0	0	0	43	35	27	0	0
105	0	0	0	0	0	0	41	0	100	0	0	0	0	58	25	25	66	0	0
106	0	41	33	0	0	66	0	0	100	0	0	0	0	0	50	0	37	0	0
107	0	0	0	0	0	83	100	0	100	0	0	0	0	100	33	0	100	0	0
108	0	70	0	0	0	100	0	0	80	0	0	0	0	0	60	40	40	0	0
109	0	100	69	0	0	56	0	0	45	0	0	0	0	0	0	43	49	0	0
110	0	84	23	0	0	78	0	0	100	0	0	0	0	0	73	0	84	0	0
111	0	0	0	0	0	0	30	0	100	0	30	0	0	30	60	0	80	0	0
112	0	42	0	0	0	0	21	0	100	0	0	0	0	0	21	0	48	21	0
113	0	64	0	0	0	39	0	0	100	0	0	0	0	0	46	39	75	0	0
114	0	0	0	0	0	43	0	0	100	0	0	0	0	0	39	69	52	56	0
115	0	50	0	0	0	0	25	0	100	0	0	0	0	21	0	23	84	0	0
116	0	24	19	0	0	0	22	0	100	0	0	0	0	0	26	0	36	0	0
117	0	100	62	0	0	51	0	0	77	0	0	0	0	0	0	74	88	0	0
118	0	38	0	0	0	0	27	0	100	0	0	48	0	0	0	44	62	0	0
119	0	59	36	0	0	39	0	0	100	0	0	0	0	0	0	30	54	0	0
120	0	66	0	0	0	0	0	0	100	0	0	0	0	0	20	46	20	60	0
121	0	30	0	0	0	0	23	0	100	0	0	0	0	0	36	21	40	0	0
122	0	12	0	0	0	20	12	0	100	0	0	0	0	0	21	0	12	0	0
123	0	14	0	0	0	40	25	0	100	0	0	0	0	0	62	0	37	0	0
124	0	100	37	0	0	100	0	0	87	0	0	0	0	0	0	75	100	0	0
125	0	58	0	0	0	100	0	0	29	0	0	0	0	0	38	31	38	0	0
126	0	63	0	0	0	36	0	0	100	0	0	27	0	0	36	0	59	0	0
127	0	86	73	0	0	0	0	0	13	0	0	13	0	0	0	100	0	21	0
128	0	45	27	0	0	64	0	0	100	0	0	0	0	0	78	0	0	27	0
129	0	0	0	0	0	22	0	0	100	0	0	0	0	22	77	0	44	55	0
130	0	81	43	0	0	65	0	0	100	0	0	0	0	0	0	45	68	0	0
131	0	9	0	0	0	47	19	0	100	0	0	0	0	14	14	0	0	0	0
132	0	27	0	0	0	27	55	0	100	0	0	0	0	0	0	0	27	22	0
133	0	42	0	0	0	57	0	0	100	0	0	0	0	0	35	0	21	28	0
134	0	50	0	30	30	100	0	0	90	0	0	0	0	0	0	0	50	0	0
135	0	66	0	0	0	33	58	0	100	0	0	0	0	0	0	0	100	0	33
136	0	0	0	0	0	23	0	0	100	0	0	0	0	15	23	15	0	30	0
137	0	100	58	0	0	38	0	0	0	0	0	0	0	0	41	44	41	0	0
138	0	41	0	0	0	65	48	0	100	0	0	0	0	0	27	0	48	0	0
139	0	0	0	0	0	12	16	0	100	0	0	8	0	0	0	0	24	20	0
140	0	0	0	0	28	57	0	0	100	0	0	0	0	0	57	0	57	57	0
141	0	62	0	0	0	71	0	0	100	0	0	0	0	0	46	28	88	0	0
142	0	0	0	0	0	100	0	0	87	0	0	0	0	31	37	31	56	0	0
143	0	64	0	0	0	0	0	0	78	0	0	35	0	50	0	0	100	35	0
144	0	38	0	0	0	51	23	0	100	0	0	0	0	0	29	0	31	0	0
145	0	87	0	0	0	90	0	0	87	0	0	0	0	0	48	45	100	0	0
146	0	0	36	0	0	31	0	0	100	0	0	0	0	0	31	31	78	0	0
147	0	0	23	0	0	38	0	0	100	0	0	0	0	0	53	0	23	23	0
148	0	73	84	0	0	100	0	0	69	0	0	0	0	0	61	88	0	0	0
149	0	25	0	0	0	0	16	0	100	0	0	0	0	0	37	0	20	20	0
150	0	0	0	0	0	100	0	0	85	0	0	57	0	57	100	0	57	0	0
151	0	27	0	0	0	81	0	0	100	0	0	0	0	0	65	0	27	25	0
152	0	23	0	0	0	83	0	0	69	0	0	0	13	0	100	0	0	13	0
153	0	77	0	0	0	0	33	0	100	0	0	0	0	0	22	33	88	0	0
154	0	42	0	0	0	46	0	0	100	0	0	0	0	0	32	35	0	50	0
155	0	0	20	0	0	0	0	0	80	0	0	20	0	0	100	0	40	0	0
156	0	34	0	0	0	19	23	0	100	0	0	0	0	0	0	0	19	26	0
157	0	95	0	0	0	54	0	0	100	0	0	0	0	0	50	0	58	45	0
158	0	100	40	0	0	95	0	0	88	0	0	0	0	0	68	0	47	0	0
159	0	75	35	0	0	81	0	0	100	0	0	0	0	0	54	0	81	0	0
160	0	23	0	0	0	59	46	0	100	0	0	0	0	0	37	0	41	0	0
161	0	20	0	0	0	80	0	0	100	0	0	0	0	0	46	0	33	20	0
162	0	81	0	0	0	36	54	0	90	0	0	0	0	0	0	36	100	0	0
163	0	27	0	0	0	54	0	0	100	0	0	0	0	0	9	18	18	0	0
164	0	62	37	0	0	0	34	0	100	0	0	0	0	34	0	0	88	0	0
165	0	88	35	0	0	0	0	0	100	0	0	0	0	0	0	47	52	47	0
166	0	71	0	0	14	85	0	0	100	0	0	0	0	0	71	0	85	0	0
167	0	41	0	0	0	79	0	0	100	0	0	0	0	0	65	0	51	37	0
168	0	100	35	0	0	80	0	0	85	0	0	0	0	0	50	0	70	0	0
169	0	62	50	0	0	68	0	0	100	0	0	0	0	0	0	0	68	62	0
170	0	57	0	0	21	35	0	0	50	0	0	0	0	0	0	0	100	28	0
171	0	0	0	0	0	13	8	0	100	0	0	0	0	0	13	17	17	0	0
172	0	0	28	0	0	28	28	0	100	0	28	0	0	28	0	0	0	0	0
173	0	23	0	0	0	41	41	0	100	0	0	0	0	32	0	0	38	0	0
174	0	0	0	0	0	66	10	0	100	0	0	0	9	0	77	0	24	0	0
175	0	94	0	0	0	58	0	0	100	0	0	0	0	0	76	0	64	47	0
176	0	29	0	0	0	41	0	0	100	0	0	0	0	0	29	18	22	0	0
177	0	74	0	0	0	0	55	0	100	0	0	0	0	0	40	40	91	0	0
178	0	91	54	0	0	73	0	0	100	0	0	0	0	0	77	0	62	0	0
179	0	36	0	0	0	0	27	0	40	0	0	31	0	54	0	0	100	0	0
180	0	40	22	0	0	42	0	0	100	0	0	0	0	0	0	27	30	0	0
181	0	0	0	0	0	29	0	0	100	0	0	0	16	0	50	20	41	0	0
182	0	63	63	0	0	0	0	0	100	0	0	0	0	0	72	63	0	54	0
183	0	100	56	0	0	62	0	0	0	0	0	0	0	0	68	75	56	0	0
184	0	15	0	0	0	45	0	0	100	0	0	0	0	0	46	0	14	13	0
185	0	0	0	0	0	85	0	0	100	0	0	0	0	0	61	47	28	42	0
186	0	51	18	0	0	0	13	0	55	0	0	0	0	27	0	0	100	0	0
187	0	31	0	0	0	75	0	0	100	0	0	0	14	0	58	0	0	24	0
188	0	77	33	0	0	0	0	0	100	0	0	0	0	0	32	0	75	49	0
189	0	0	0	0	22	43	0	0	100	0	0	0	0	0	51	0	22	30	0
190	0	50	0	0	0	0	20	0	100	0	0	0	0	0	41	0	47	23	0
191	0	18	12	0	0	31	0	0	100	0	0	0	0	0	0	0	43	6	0
192	0	31	0	0	0	56	0	0	100	0	0	0	0	0	37	31	0	31	0
193	0	47	0	0	0	75	0	0	100	0	0	0	0	0	65	0	35	27	0
194	0	37	0	0	0	71	0	0	100	0	0	0	0	0	30	0	29	36	0
195	0	38	0	0	0	33	0	0	100	0	0	0	0	0	38	22	25	0	0
196	0	0	0	0	0	100	0	10	47	10	0	0	0	0	26	10	0	0	0
197	0	100	44	0	0	0	0	0	34	0	0	0	0	0	0	31	41	27	0
198	0	73	50	0	0	76	0	0	100	0	0	0	0	0	46	46	0	0	0
199	0	26	0	20	0	73	0	0	100	0	0	0	0	0	33	0	40	0	0
200	0	100	71	0	54	0	0	0	92	0	0	0	0	0	0	62	66	0	0
201	0	39	0	0	0	34	20	0	100	0	0	0	0	0	29	0	47	0	0
202	0	50	0	0	25	87	0	0	37	0	0	0	0	0	0	100	50	0	0
203	0	35	0	0	0	41	0	0	100	0	0	0	0	0	47	23	41	0	0
204	0	0	0	0	0	71	9	0	100	0	0	0	0	0	19	0	23	14	0
205	0	50	0	0	0	50	0	0	33	0	0	0	0	16	33	0	100	0	0
206	0	18	0	0	0	27	36	0	100	0	0	0	0	0	18	0	36	0	0
207	0	39	0	0	0	77	0	0	100	0	0	0	0	0	44	0	37	19	0
208	0	0	16	0	0	100	25	0	66	0	0	0	0	0	75	0	0	0	16
209	0	41	0	25	0	41	41	0	100	0	0	0	0	0	41	0	0	0	0
210	0	57	32	0	0	100	0	0	81	0	0	0	0	0	47	0	47	0	0
211	0	22	36	0	27	0	0	0	100	0	0	0	0	0	0	18	0	45	0
212	0	8	0	0	0	11	0	0	100	5	0	0	0	0	25	0	0	33	0
213	0	43	35	0	0	35	0	0	100	0	0	0	0	0	43	0	50	0	0
214	0	21	0	0	0	35	26	0	100	0	0	0	0	0	28	0	33	0	0
215	0	73	38	0	0	0	0	0	100	0	0	0	0	0	38	46	48	0	0
216	0	35	0	0	0	63	28	0	100	0	0	0	0	0	25	0	47	0	0
217	0	100	43	0	0	0	23	0	17	0	0	0	0	0	0	17	56	0	0
218	0	37	0	0	0	81	0	0	51	0	0	0	0	0	25	33	100	0	0
219	0	41	0	0	0	58	0	0	100	0	0	0	0	0	41	25	33	0	0
220	0	37	0	0	0	75	0	0	100	0	0	0	25	0	0	25	62	0	0
221	0	100	47	0	0	69	45	0	90	0	0	0	0	0	0	0	77	0	0
222	0	79	36	0	0	57	0	0	100	0	0	0	0	0	0	38	68	0	0
223	0	83	50	0	46	100	0	0	0	0	0	0	0	0	60	0	63	0	0
224	0	36	19	0	0	0	0	0	100	0	0	0	0	0	42	15	33	0	0
225	0	0	0	0	0	88	35	0	100	0	0	0	35	0	64	0	58	0	0
226	0	28	0	0	0	52	0	0	100	0	0	0	0	0	0	47	52	33	0
227	0	0	0	0	0	53	50	0	100	0	0	0	0	19	34	0	42	0	0
228	0	0	60	0	60	0	0	0	100	0	0	0	0	0	80	0	0	60	0
229	0	13	0	0	0	13	0	0	100	0	0	13	0	0	26	0	46	0	0
230	0	65	42	0	53	43	0	0	100	0	0	0	43	0	0	0	0	0	0
231	0	75	0	0	0	37	0	0	100	0	0	0	0	0	62	0	37	62	0
232	0	22	0	0	0	33	0	0	100	0	0	0	0	0	35	0	17	17	0
233	0	17	0	0	24	37	0	0	100	0	0	0	0	0	34	0	0	30	0
234	0	23	0	0	0	51	0	0	100	0	0	0	0	0	34	0	31	25	0
235	0	19	0	0	0	57	0	0	100	0	0	0	0	0	40	28	0	32	0
236	0	26	23	0	0	0	0	0	100	0	0	0	0	0	34	0	29	26	0
237	0	32	0	0	0	35	0	0	100	0	0	0	0	0	46	0	35	50	0
238	0	57	57	0	0	100	0	0	100	0	0	0	0	0	85	0	0	71	0
239	0	0	18	0	0	55	0	0	100	0	0	0	0	0	36	20	0	32	0
240	0	0	0	0	0	50	0	0	83	0	0	41	0	41	41	0	100	0	0
241	0	33	0	0	0	0	0	0	100	0	0	33	0	0	55	0	77	33	0
242	0	0	20	13	0	40	0	0	100	0	0	0	0	0	86	0	20	0	0
243	0	0	0	0	16	45	0	0	100	0	0	0	0	5	39	0	0	18	0
244	0	24	0	0	0	72	0	0	100	0	0	0	0	0	43	0	15	18	0
245	0	85	85	0	85	57	0	0	57	0	0	0	0	0	0	0	100	0	0
246	0	76	0	0	0	100	0	0	80	0	0	69	0	0	64	66	0	0	0
247	0	35	0	0	0	42	0	0	100	0	0	0	0	0	35	71	0	28	0
248	0	100	0	0	0	0	0	0	78	0	0	0	0	0	35	100	71	64	0
249	0	53	0	0	0	53	46	0	100	0	0	0	0	0	42	0	68	0	0
250	0	0	0	0	44	66	0	0	100	0	0	0	44	0	0	44	88	0	0
251	0	96	41	0	0	86	0	0	100	0	0	0	0	0	51	0	89	0	0
252	0	0	0	14	14	33	0	0	100	0	0	0	0	14	38	0	0	0	0
253	0	75	0	0	0	90	0	0	100	0	0	0	0	0	55	0	75	30	0
254	0	100	93	0	72	0	0	0	95	0	0	0	0	0	51	55	0	0	0
255	0	68	0	0	0	0	0	0	37	0	0	81	0	37	0	25	100	0	0
256	0	83	43	0	0	55	0	0	76	0	0	0	0	0	49	0	100	0	0
257	0	16	0	0	0	14	0	0	100	0	0	0	0	10	66	0	0	16	0
258	0	100	0	0	0	28	0	0	85	0	0	0	0	0	71	0	57	85	0
259	0	89	0	0	0	63	0	0	100	0	0	0	0	0	68	63	52	0	0
260	0	81	0	0	0	0	0	0	90	0	0	45	0	72	0	36	100	0	0
261	0	77	0	0	0	100	0	0	77	0	0	0	0	0	33	0	77	77	0
262	0	0	0	0	22	97	0	0	100	0	0	0	26	0	82	0	17	0	0
263	0	33	46	0	0	32	0	0	100	0	0	0	0	0	33	0	0	43	0
264	0	25	0	0	0	100	0	0	63	0	0	30	0	0	35	0	25	0	0
265	0	69	0	0	0	43	47	0	73	0	0	0	0	0	39	0	100	0	0
266	0	0	0	0	0	10	15	0	100	0	0	0	0	0	57	0	15	10	0
267	0	100	49	0	0	69	0	0	83	0	0	0	0	0	0	50	77	0	0
268	0	100	50	0	0	78	0	0	74	0	0	0	0	0	0	48	67	0	0
269	0	0	0	0	0	42	0	0	100	0	0	0	0	14	24	0	24	13	0
270	0	46	0	0	0	57	0	0	100	0	0	50	0	0	66	0	78	0	0
271	0	33	0	0	0	44	0	0	100	0	0	0	0	0	30	0	36	25	0
272	0	100	0	0	0	100	0	0	100	0	0	0	0	0	0	60	69	52	0
273	0	6	6	0	0	31	0	0	100	0	0	0	0	0	31	0	12	0	0
274	0	27	0	0	0	47	0	0	100	0	0	0	0	0	47	0	37	35	0
275	0	100	88	42	46	34	0	0	0	0	0	0	0	0	0	73	0	0	0
276	0	86	43	0	0	86	0	0	100	0	0	0	0	0	0	51	77	0	0
277	0	0	0	0	0	28	24	0	100	0	0	0	0	0	40	20	40	0	0
278	0	58	0	0	0	0	0	0	100	0	0	17	0	0	35	0	58	41	0
279	0	52	29	0	0	100	0	0	41	0	0	0	0	0	0	28	30	0	0
280	0	40	0	0	34	89	0	0	100	0	0	0	0	0	62	0	50	0	0
281	0	90	70	0	40	0	0	0	60	0	0	0	0	0	0	0	100	60	0
282	0	100	50	0	0	0	0	0	83	0	0	0	0	0	66	50	50	0	0
283	0	0	17	0	21	100	0	0	17	0	0	0	17	0	23	0	0	0	0
284	0	0	0	0	0	36	20	0	100	0	0	0	0	20	36	0	40	0	0
285	0	40	0	0	0	0	60	0	86	0	0	0	0	0	20	40	100	0	0
286	0	43	29	0	0	100	0	0	89	0	0	0	0	0	50	0	33	0	0
287	0	78	0	0	0	82	0	0	100	0	0	0	0	0	52	52	39	0	0
288	0	39	0	0	0	27	0	0	100	0	0	0	0	0	25	0	17	60	0
289	0	100	33	0	0	16	0	0	50	0	0	0	0	0	0	33	66	0	0
290	0	100	71	0	0	90	0	0	85	0	0	0	0	0	54	66	0	0	0
291	0	66	41	0	0	76	0	0	100	0	0	0	0	0	40	0	85	0	0
292	0	54	0	0	0	54	0	0	100	0	0	0	0	0	42	0	56	42	0
293	0	35	0	0	0	44	0	0	100	0	0	0	0	0	33	0	30	20	0
294	0	100	54	0	0	88	0	0	68	0	0	0	0	0	57	0	66	0	0
295	0	52	40	0	0	75	0	0	100	0	0	0	31	0	68	0	0	0	0
296	0	27	0	0	0	42	0	0	100	0	0	0	0	0	37	0	28	26	0
297	0	63	0	0	0	91	30	0	100	0	0	0	0	0	71	0	95	0	0
298	0	55	44	0	0	78	0	0	100	0	0	0	0	0	0	0	32	44	0
299	0	19	0	0	0	83	0	0	100	0	0	0	0	0	58	0	29	20	0
300	0	75	0	0	0	100	0	0	25	0	0	12	0	0	0	0	25	0	0
301	0	100	50	0	0	69	0	0	75	0	0	0	0	0	0	42	61	0	0
302	0	100	100	0	0	66	0	0	0	0	0	0	0	0	0	100	66	66	0
303	0	48	27	0	0	95	0	0	100	0	0	0	0	0	42	0	52	0	0
304	0	100	0	0	0	88	0	0	55	0	0	0	0	11	100	0	77	0	0
305	0	26	0	0	0	71	0	0	100	0	0	0	0	0	42	0	38	28	0
306	0	16	16	0	0	75	0	0	100	0	0	0	0	0	41	16	0	0	0
307	0	88	85	0	0	100	0	0	85	0	0	0	0	0	74	94	0	0	0
308	0	42	0	0	0	92	0	0	100	0	0	0	0	0	40	32	55	0	0
309	0	77	44	0	0	0	0	0	100	0	0	0	0	0	44	0	88	55	0
310	0	100	100	0	0	0	0	100	0	0	0	0	0	0	100	100	0	100	0
311	0	48	36	0	0	56	0	0	100	0	0	0	0	0	53	0	31	0	0
312	0	30	31	0	0	60	0	0	100	0	0	0	0	0	58	0	42	0	0
313	0	84	0	0	0	89	0	0	100	0	0	0	0	0	61	0	93	52	0
314	0	35	0	0	51	100	0	0	98	0	0	0	0	0	53	0	41	0	0
315	0	26	0	0	0	64	0	0	100	0	0	0	0	0	0	26	44	28	0
316	0	9	0	0	0	15	0	0	100	0	0	0	0	0	47	0	11	19	0
317	0	61	0	0	0	0	0	0	30	0	0	0	0	23	53	46	100	0	0
318	0	25	0	0	0	98	18	0	100	0	0	0	16	0	53	0	0	0	0
319	0	0	0	0	0	44	55	0	100	0	0	0	0	44	55	0	100	0	0
320	0	100	29	0	0	48	0	0	0	0	0	0	0	0	33	45	70	0	0
321	0	27	28	0	0	50	0	0	100	0	0	0	0	24	40	0	0	0	0
322	0	27	0	0	0	0	33	0	100	0	0	0	0	42	0	0	78	30	0
323	0	59	0	0	0	53	0	0	100	0	0	0	0	0	40	40	71	0	0
324	0	34	0	0	0	60	0	0	100	0	0	0	0	0	63	24	48	0	0
325	0	34	42	0	0	80	0	0	100	0	0	0	0	0	0	29	0	51	0
326	0	100	63	0	0	78	0	0	89	0	0	0	0	0	59	68	0	0	0
327	0	35	21	0	0	71	0	0	100	0	0	0	0	0	34	0	30	0	0
328	0	83	0	0	0	29	0	0	100	0	0	0	0	0	47	0	58	40	0
329	0	70	0	0	0	0	45	0	100	0	0	0	0	0	60	0	75	40	0
330	0	66	59	0	0	94	0	0	100	0	0	0	0	0	62	0	50	0	0
331	0	0	22	0	0	30	0	0	100	0	0	0	0	27	27	0	27	0	0
332	0	100	46	0	0	42	0	0	53	0	0	0	0	0	0	35	85	0	0
333	0	100	45	0	0	90	0	0	54	0	0	0	0	0	0	0	54	36	0
334	0	26	0	0	0	50	0	0	100	0	0	0	0	0	43	20	31	0	0
335	0	37	0	0	0	18	37	0	37	0	0	0	0	62	0	0	100	0	0
336	0	32	14	0	0	100	0	0	35	0	0	0	0	0	44	0	19	0	0
337	0	100	100	0	0	25	0	0	62	0	0	0	0	0	0	79	0	54	0
338	0	0	0	0	0	71	0	0	100	0	0	0	0	35	79	0	43	25	0
339	0	40	0	0	0	53	0	0	100	0	0	0	0	0	34	0	25	30	0
340	0	0	0	52	69	100	0	0	82	0	0	0	0	0	65	0	0	43	0
341	0	66	0	0	0	77	0	0	100	0	33	33	0	0	0	0	66	0	0
342	0	0	0	0	0	100	27	0	98	0	0	0	0	0	43	9	24	0	0
343	0	33	0	0	0	52	0	0	100	0	0	0	0	0	25	20	32	0	0
344	0	39	27	0	0	73	0	0	100	0	0	0	0	0	51	0	44	0	0
345	0	28	0	0	0	48	13	0	100	0	0	0	0	0	47	0	28	0	0
346	0	100	51	0	0	0	36	0	69	0	0	0	0	0	0	36	78	0	0
347	0	91	35	0	0	47	0	0	100	0	0	0	0	0	0	0	71	31	0
348	0	85	50	0	35	100	0	0	75	0	0	0	0	0	0	0	90	0	0
349	0	0	0	0	0	16	16	0	100	0	0	0	0	0	41	0	25	12	0
350	0	72	0	0	0	0	0	0	100	0	0	0	0	0	52	57	65	52	0
351	0	55	0	0	0	0	32	0	100	0	0	0	0	38	29	0	85	0	0
352	0	100	50	0	0	0	71	0	60	0	0	0	0	0	0	67	89	0	0
353	0	20	0	0	0	0	20	0	100	0	0	0	0	0	20	12	45	0	0
354	0	0	0	0	0	49	0	0	100	0	0	0	0	0	44	12	12	12	0
355	0	56	0	0	0	0	0	0	75	0	0	0	0	50	93	43	100	0	0
356	0	0	0	0	0	33	0	0	100	0	0	26	0	26	0	20	53	0	0
357	0	100	44	0	0	100	0	0	86	0	0	0	0	0	66	0	80	0	0
358	0	0	0	0	9	17	0	0	100	0	0	0	0	11	21	19	0	0	0
359	0	100	57	0	0	0	0	0	0	0	0	0	0	0	63	73	63	57	0
360	0	20	0	0	0	22	0	0	100	0	0	0	0	0	32	0	17	39	0
361	0	20	0	0	0	68	0	0	100	0	0	0	0	0	69	0	39	18	0
362	0	76	0	0	0	0	28	0	47	0	0	0	0	33	0	0	100	23	0
363	0	93	46	0	0	100	0	0	92	0	0	0	0	0	0	64	74	0	0
364	0	0	0	0	0	50	0	0	100	0	0	0	0	16	83	0	50	25	0
365	0	0	19	0	19	45	0	0	100	0	0	0	0	0	38	0	38	0	0
366	0	27	0	0	0	27	9	0	27	0	0	100	0	0	0	0	39	0	0
367	0	61	41	0	0	0	0	0	41	0	0	97	0	0	0	79	100	0	0
368	0	85	0	0	0	0	47	0	80	0	0	100	0	0	0	71	57	0	0
369	0	66	61	0	0	0	0	0	100	0	0	0	0	0	61	66	0	33	0
370	0	36	0	0	0	43	0	0	100	0	0	0	0	0	39	36	58	0	0
371	0	91	0	0	0	72	0	0	100	0	0	0	0	0	0	41	44	44	0
372	0	35	0	0	0	0	33	0	79	0	0	51	0	0	20	0	100	0	0
373	0	64	36	0	32	91	0	0	100	0	0	0	0	0	68	0	0	0	0
374	0	84	49	0	0	47	0	0	97	0	0	0	0	0	0	40	100	0	0
375	0	41	0	0	0	0	0	0	0	0	25	54	0	33	0	29	100	0	0
376	0	0	0	0	0	60	26	0	100	0	0	0	0	20	86	0	86	0	0
377	0	66	0	0	0	100	0	0	100	0	0	53	0	0	0	46	46	0	0
378	0	48	23	0	0	51	0	0	100	0	0	0	0	0	41	0	34	0	0
379	0	65	36	0	0	85	0	0	100	0	0	0	0	0	36	0	40	0	0
380	0	31	0	0	0	33	0	0	100	0	0	0	0	0	28	0	40	29	0
381	0	0	0	0	38	51	0	0	100	0	0	0	26	0	52	0	32	0	0
382	0	25	0	0	0	40	40	0	100	0	0	0	0	0	0	0	21	25	0
383	0	0	0	0	0	30	0	0	100	0	15	0	0	16	34	0	30	0	0
384	0	81	0	0	0	0	0	0	100	0	0	0	0	68	56	0	87	37	0
385	0	21	0	0	0	58	19	0	100	0	0	0	0	0	27	0	33	0	0
386	0	100	42	0	0	0	18	0	27	0	0	0	0	0	0	15	48	0	0
387	0	57	0	0	0	55	0	0	100	0	0	0	0	0	0	43	48	34	0
388	0	48	0	0	0	25	0	0	65	0	0	53	0	30	0	0	100	0	0
389	0	27	0	0	0	89	0	0	100	0	0	0	27	0	52	0	0	27	0
390	0	22	0	0	0	27	27	0	100	0	0	0	0	0	45	0	50	0	0
391	0	43	0	0	0	39	28	0	100	0	0	0	0	0	34	0	39	0	0
392	0	36	24	0	0	50	0	0	100	0	0	0	0	0	36	0	0	21	0
393	0	72	42	0	0	100	0	0	80	0	0	0	0	0	38	0	48	0	0
394	0	100	53	0	0	73	0	0	48	0	0	0	0	0	0	58	52	0	0
395	0	89	55	0	0	65	0	0	100	0	0	0	0	0	44	55	0	0	0
396	0	100	55	0	0	0	0	0	66	0	0	0	0	0	0	29	92	29	0
397	0	45	0	0	0	32	31	0	100	0	0	0	0	0	0	0	47	32	0
398	0	54	46	0	0	100	0	0	93	0	0	0	0	0	54	0	34	0	0
399	0	80	45	0	0	65	0	0	100	0	0	0	0	0	39	0	58	0	0
400	0	70	0	0	0	90	0	0	100	0	0	0	0	0	80	50	50	0	0
401	0	26	0	0	0	41	0	0	100	0	0	0	0	0	51	0	31	27	0
402	0	42	0	0	0	42	0	0	100	0	0	0	0	0	35	0	42	33	0
403	0	100	62	0	0	51	0	0	70	0	0	0	0	0	48	0	70	0	0
404	0	45	0	0	0	63	0	0	100	0	0	0	0	0	36	0	95	36	0
405	0	49	0	0	32	89	0	0	100	0	0	0	0	0	42	0	40	0	0
406	0	30	0	0	0	52	0	0	100	0	0	0	0	0	35	26	31	0	0
407	0	63	39	0	0	100	0	0	91	0	0	0	0	0	40	0	46	0	0
408	0	40	0	0	0	60	0	0	100	0	0	0	0	50	40	0	80	0	0
409	0	0	0	0	0	40	0	0	100	0	0	0	0	0	35	19	30	21	0
410	0	31	0	0	0	56	0	0	100	0	0	0	12	0	62	0	37	0	0
411	0	100	57	0	0	80	0	0	62	0	0	0	0	0	55	0	47	0	0
412	0	71	37	0	0	54	0	0	100	0	0	0	0	0	0	31	48	0	0
413	0	33	0	0	0	25	0	0	100	0	0	0	0	0	58	27	0	35	0
414	0	28	0	0	0	0	42	0	100	0	0	0	0	28	0	33	100	0	0
415	0	61	0	0	0	0	0	0	85	0	0	0	0	33	66	33	100	0	0
416	0	46	27	0	0	62	0	0	100	0	0	0	0	0	50	0	41	0	0
417	0	73	42	0	0	100	0	0	94	0	0	0	0	0	57	0	46	0	0
418	0	10	0	0	0	0	0	0	60	0	0	50	0	30	0	30	100	0	0
419	0	59	40	0	0	62	0	0	100	0	0	0	0	0	96	0	48	0	0
420	0	0	0	0	0	27	0	0	100	0	0	0	0	34	34	0	34	18	0
421	0	87	38	0	0	0	46	0	63	0	0	0	0	0	0	46	100	0	0
422	0	78	0	0	0	48	0	0	100	0	0	75	0	0	0	46	75	0	0
423	0	22	0	0	0	0	31	0	100	0	0	0	0	0	14	0	42	19	0
424	0	29	0	0	20	20	0	0	100	0	0	0	0	0	44	0	26	0	0
425	0	100	40	0	0	0	43	0	56	0	0	0	0	0	0	54	77	0	0
426	0	0	0	0	0	53	0	0	100	0	39	0	0	0	46	0	61	44	0
427	0	41	0	0	0	26	0	0	100	0	0	0	0	17	29	0	41	0	0
428	0	60	0	0	0	87	0	0	100	0	0	0	0	39	54	0	100	0	0
429	0	53	28	0	0	75	0	0	100	0	0	0	0	0	45	0	42	0	0
430	0	38	0	0	0	0	29	0	100	0	0	0	0	0	27	25	38	0	0
431	0	60	0	0	0	0	33	0	46	0	0	0	0	46	0	0	100	26	0
432	0	55	42	0	0	84	0	0	100	0	0	0	0	0	39	0	52	0	0
433	0	34	0	0	0	34	31	0	100	0	0	0	0	0	37	0	41	0	0
434	0	32	0	0	27	100	0	0	56	0	0	0	0	0	62	0	43	0	0
435	0	92	52	0	0	100	0	0	90	0	0	0	0	0	0	62	78	0	0
436	0	31	0	0	0	64	30	0	100	0	0	0	0	0	38	0	46	0	0
437	0	20	0	0	26	74	0	0	100	0	0	0	0	0	60	0	26	0	0
438	0	91	47	0	0	91	0	0	100	0	0	0	0	0	78	0	65	0	0
439	0	32	0	0	0	64	0	0	100	0	0	0	0	0	48	16	40	0	0
440	0	26	0	0	0	31	22	0	100	0	0	0	0	0	34	0	31	0	0
441	0	90	0	0	45	100	0	0	90	0	0	0	0	0	0	36	54	0	0
442	0	100	0	0	0	77	42	0	71	0	0	0	0	0	0	45	77	0	0
443	0	71	0	0	0	0	64	0	100	0	0	0	0	0	50	57	71	0	0
444	0	68	0	0	0	22	0	0	100	0	0	0	0	0	45	0	68	22	0
445	0	45	0	0	0	45	54	0	100	0	0	0	0	33	0	0	66	0	0
446	0	46	0	0	0	38	38	0	100	0	0	0	0	46	0	0	100	0	0
447	0	67	0	0	0	66	0	0	100	0	0	0	0	0	45	51	81	0	0
448	0	0	0	0	0	40	0	15	100	0	0	0	0	15	0	21	25	0	0
449	0	16	0	0	0	29	18	0	100	0	0	0	0	0	23	0	25	0	0
450	0	35	23	0	0	66	0	0	100	0	0	0	0	0	49	0	32	0	0
451	0	40	0	0	0	47	0	0	68	0	0	0	0	47	38	0	100	0	0
452	0	56	0	0	0	63	0	0	100	0	0	0	0	0	55	0	43	36	0
453	0	74	37	0	0	70	0	0	100	0	0	0	0	0	40	0	58	0	0
454	0	59	31	0	0	52	0	0	100	0	0	0	0	0	50	0	49	0	0
455	0	57	0	0	0	31	0	0	100	0	0	0	0	0	43	31	42	0	0
456	0	34	0	0	0	48	19	0	100	0	0	0	0	0	42	0	37	0	0
457	0	54	0	0	0	53	0	0	100	0	0	0	0	0	42	33	38	0	0
458	0	23	0	0	0	35	20	0	100	0	0	0	0	0	26	0	32	0	0
459	0	100	55	0	0	70	0	0	85	0	0	0	0	0	56	0	77	0	0
460	0	0	0	0	0	19	30	0	100	0	0	0	0	15	33	0	22	0	0
461	0	18	0	0	0	43	0	0	100	0	0	0	0	18	25	37	0	0	0
462	0	43	0	0	0	35	21	0	100	0	0	0	0	0	43	0	67	0	0
463	0	23	0	0	0	38	0	0	100	0	0	0	0	0	53	14	17	0	0
464	0	71	0	0	0	73	73	0	73	0	0	0	0	0	0	40	100	0	0
465	0	0	0	0	0	54	0	0	100	0	0	0	0	0	36	35	35	31	0
466	0	100	35	0	0	0	32	0	67	0	0	0	0	0	33	0	71	0	0
467	0	47	0	0	0	55	50	0	100	0	0	0	0	0	0	36	34	0	0
468	0	27	0	0	0	46	0	0	100	0	0	0	0	0	30	20	24	0	0
469	0	0	0	0	0	50	0	0	100	0	0	0	0	33	58	0	39	43	0
470	0	26	0	0	0	36	0	0	100	0	0	0	0	0	35	22	22	0	0
471	0	15	33	38	100	74	0	0	0	0	0	0	0	0	20	0	0	0	0
472	0	100	58	0	0	68	0	0	55	0	0	0	0	0	0	55	58	0	0
473	0	19	0	0	0	38	38	0	100	0	0	0	0	0	50	0	21	0	0
474	0	31	0	0	0	43	0	0	100	0	0	0	0	0	34	0	36	23	0
475	0	0	0	0	0	100	61	0	94	0	0	0	0	33	55	0	50	0	0
476	0	31	10	0	0	100	0	0	21	0	0	0	0	0	30	0	12	0	0
477	0	3	0	0	0	87	0	0	54	0	0	0	9	0	100	0	6	0	0
478	0	25	0	0	0	100	16	0	97	0	0	0	0	0	52	0	46	0	0
479	0	98	58	0	0	71	0	0	100	0	0	0	0	0	58	0	64	0	0
480	0	38	0	0	0	34	0	0	100	0	0	0	0	0	32	28	46	0	0
481	0	46	0	0	0	100	0	0	67	0	0	0	0	0	73	0	42	36	0
482	0	100	0	0	0	65	0	0	65	0	0	0	0	0	70	30	70	0	0
483	0	100	81	0	0	48	0	0	88	0	0	0	0	0	77	100	0	0	0
484	0	100	62	0	0	62	0	0	69	0	0	0	0	0	48	54	0	0	0
485	0	40	0	0	0	90	60	0	100	0	0	0	0	0	70	0	80	0	0
486	0	24	0	0	0	45	25	0	100	0	0	0	0	0	33	0	32	0	0
487	0	85	36	0	0	60	0	0	100	0	0	0	0	0	53	0	68	0	0
488	0	62	37	0	0	40	0	0	100	0	0	0	0	0	42	0	41	0	0
489	0	71	31	0	0	35	0	0	78	0	0	0	0	0	0	30	100	0	0
490	0	64	44	0	0	56	40	0	100	0	0	0	0	0	0	64	0	0	0
491	0	19	0	0	0	33	33	0	100	0	0	0	0	30	0	0	75	0	0
492	0	0	0	0	0	26	20	0	100	0	0	0	0	0	20	0	15	38	0
493	0	100	40	0	0	64	0	0	82	0	0	0	0	0	0	53	62	0	0
494	0	58	34	0	0	43	0	0	100	0	0	0	0	0	0	36	36	0	0
495	0	100	65	0	0	82	0	0	87	0	0	0	0	0	0	57	57	0	0
496	0	52	0	0	0	37	0	0	100	0	0	0	0	0	57	42	0	38	0
497	0	100	47	0	0	85	0	0	55	0	0	0	0	0	0	50	62	0	0
498	0	28	0	0	0	47	0	0	100	0	0	0	0	0	29	28	48	0	0
499	0	34	0	0	0	51	0	0	100	0	0	0	0	0	34	0	36	36	0
500	0	30	0	0	0	68	0	0	100	0	0	0	0	0	55	26	32	0	0
501	0	58	0	0	0	78	49	0	100	0	0	0	0	0	29	0	56	0	0
502	0	82	0	0	0	47	0	0	0	0	0	56	0	52	0	39	100	0	0
503	0	34	0	0	0	44	0	0	100	0	0	0	0	0	56	0	32	23	0
504	0	35	0	0	20	50	0	0	100	0	0	0	0	0	31	0	47	0	0
505	0	90	54	0	0	48	0	0	100	0	0	0	0	0	58	0	61	0	0
506	0	100	59	0	0	98	0	0	90	0	0	0	0	0	66	0	80	0	0
507	0	100	42	0	0	0	0	0	40	0	0	0	0	0	28	39	92	0	0
508	0	58	49	0	0	100	0	0	95	0	0	0	0	0	0	52	0	46	0
509	0	100	58	0	0	0	0	0	0	0	0	0	0	0	66	83	83	83	0
510	0	86	0	0	0	20	0	0	100	0	0	0	0	0	40	0	86	26	0
511	0	68	0	0	0	0	0	0	100	0	0	43	0	43	43	0	81	0	0
512	0	65	0	0	0	0	47	0	100	0	0	0	0	0	0	30	78	39	0
513	0	100	54	0	0	19	0	0	0	0	0	0	0	0	19	43	43	0	0
514	0	46	0	0	0	88	0	0	100	0	0	0	0	0	53	34	33	0	0
515	0	52	0	0	0	42	0	0	73	0	0	42	0	36	0	0	100	0	0
516	0	43	0	0	0	47	0	0	100	0	0	0	0	0	47	52	0	65	0
517	0	100	50	0	0	0	0	0	53	0	0	0	0	0	73	46	57	0	0
518	0	45	28	0	0	39	0	0	100	0	0	0	0	0	34	0	65	0	0
519	0	47	0	0	0	29	33	0	100	0	0	0	0	0	39	0	45	0	0
520	0	0	0	0	0	50	13	0	100	0	0	0	0	0	40	0	36	27	0
521	0	100	54	0	0	67	0	0	63	0	0	0	0	0	0	63	70	0	0
522	0	25	0	0	0	47	22	0	100	0	0	0	0	0	0	0	63	38	0
523	0	0	0	15	0	100	0	0	61	0	0	0	14	0	48	14	0	0	0
524	0	37	0	0	0	58	0	0	100	0	0	0	0	0	42	0	43	26	0
525	0	63	36	0	0	70	0	0	100	0	0	0	0	0	46	0	53	0	0
526	0	35	0	0	0	41	0	0	100	0	0	0	0	0	33	29	56	0	0
527	0	33	0	0	0	35	0	0	100	0	0	0	0	0	28	0	30	26	0
528	0	96	0	0	0	100	0	0	90	0	0	0	0	0	83	70	86	0	0
529	0	45	0	0	0	42	0	0	78	0	0	0	0	45	51	0	100	0	0
530	0	29	0	0	0	47	0	0	100	0	0	0	0	0	81	25	40	0	0
531	0	42	0	0	0	0	36	0	100	0	0	0	0	0	51	0	63	24	0
532	0	76	45	0	0	62	0	0	100	0	0	0	0	0	40	0	58	0	0
533	0	64	35	0	0	57	0	0	100	0	0	0	0	0	52	0	53	0	0
534	0	68	36	0	0	92	0	0	66	0	0	0	0	0	22	0	100	0	0
535	0	17	0	0	0	48	0	0	100	0	0	0	0	0	37	0	23	17	0
536	0	81	69	0	0	65	0	0	100	0	0	0	0	0	62	48	0	0	0
537	0	17	0	0	0	39	0	0	100	0	0	0	0	0	32	0	22	16	0
538	0	60	0	0	0	34	0	0	100	0	0	0	0	0	34	0	42	42	0
539	0	0	0	0	0	54	0	0	100	0	0	0	16	0	52	0	8	16	0
540	0	64	0	0	0	52	0	0	100	0	0	0	0	0	40	46	52	0	0
541	0	72	82	48	100	98	0	0	77	0	0	0	0	0	0	0	0	0	0
542	0	34	0	0	25	100	0	0	85	0	0	0	24	0	29	0	0	0	0
543	0	54	0	0	0	49	0	0	100	0	0	0	0	0	46	23	55	0	0
544	0	64	0	0	0	0	50	0	100	0	0	0	0	28	64	0	71	0	0
545	0	100	62	0	0	50	0	0	39	0	0	0	0	0	0	50	42	0	0
546	0	100	46	0	0	0	0	0	71	0	0	82	0	0	0	84	91	0	0
547	0	31	0	0	0	81	0	0	100	0	0	0	0	40	50	0	54	0	0
548	0	77	26	0	0	0	31	0	78	0	0	0	0	0	0	36	100	0	0
549	0	100	59	0	0	0	0	0	72	0	0	0	0	0	54	54	45	0	0
550	0	100	68	0	0	0	0	0	59	0	0	0	0	0	71	59	50	0	0
551	0	69	28	0	0	47	0	0	100	0	0	0	0	0	35	0	66	0	0
552	0	81	0	0	0	100	0	0	96	0	0	0	0	0	72	42	51	0	0
553	0	29	0	0	0	55	0	0	100	0	0	0	0	0	45	0	45	40	0
554	0	67	48	0	0	54	0	0	100	0	0	0	0	0	57	0	57	0	0
555	0	90	48	0	0	100	0	0	75	0	0	0	0	0	53	0	92	0	0
556	0	0	0	0	0	34	27	0	100	0	0	0	0	29	0	0	24	26	0
557	0	43	0	0	0	0	28	0	100	0	0	0	0	0	39	30	49	0	0
558	0	0	0	0	0	20	7	0	100	0	0	0	0	0	41	0	7	10	0
559	0	62	27	0	0	59	0	0	100	0	0	0	0	0	0	0	50	44	0
560	0	51	0	0	0	58	0	0	100	0	0	0	0	0	50	53	56	0	0
561	0	29	0	0	0	50	0	0	100	0	0	0	0	0	30	21	38	0	0
562	0	87	57	0	0	46	0	0	100	0	0	0	0	0	76	0	65	0	0
563	0	68	62	0	0	100	0	0	34	0	0	0	0	0	71	34	0	0	0
564	0	100	53	0	0	0	0	0	62	0	0	0	0	0	0	37	59	25	0
565	0	11	0	0	0	37	0	0	100	0	0	0	0	0	31	8	0	17	0
566	0	36	0	0	0	37	0	0	100	0	0	0	0	0	35	0	33	21	0
567	0	30	0	0	0	48	0	0	100	0	0	0	0	0	37	29	53	0	0
568	0	0	0	0	0	40	24	0	100	0	0	0	0	0	45	0	37	24	0
569	0	45	31	0	0	56	0	0	100	0	0	0	0	0	47	0	47	0	0
570	0	0	0	0	0	0	28	0	100	0	0	0	0	28	28	0	21	35	0
571	0	23	23	0	0	41	0	0	100	0	0	0	0	35	23	0	0	0	0
572	0	0	0	0	0	64	0	0	100	0	0	0	21	21	57	0	21	0	0
573	0	25	0	0	0	35	0	0	100	0	0	0	0	0	35	0	35	39	0
574	0	0	0	0	0	26	24	0	100	0	0	0	0	16	22	0	43	0	0
575	0	78	0	0	0	64	0	0	92	0	0	0	0	0	0	35	100	42	0
576	0	52	32	0	0	88	0	0	100	0	0	0	0	0	92	52	0	0	0
577	0	79	50	0	0	88	0	0	100	0	0	0	0	0	59	0	57	0	0
578	0	100	33	0	0	0	0	0	46	0	0	0	0	0	26	33	73	0	0
579	0	27	0	0	0	100	0	0	42	0	0	0	0	0	57	20	25	0	0
580	0	100	58	0	0	55	0	0	55	0	0	0	0	0	0	94	55	0	0
581	0	25	20	0	0	0	25	0	100	0	0	0	0	0	31	25	0	0	0
582	0	70	54	0	0	54	0	0	100	0	0	0	0	0	43	64	0	0	0
583	0	0	25	0	0	48	0	0	100	0	0	0	0	0	51	32	54	0	0
584	0	100	79	0	0	33	0	0	37	0	0	0	0	0	45	95	0	0	0
585	0	6	0	0	0	16	0	0	100	0	0	0	4	0	30	0	0	7	0
586	0	100	38	0	0	37	0	0	56	0	0	0	0	0	33	0	65	0	0
587	0	40	0	0	0	33	0	0	100	0	0	0	0	25	0	31	74	0	0
588	0	52	35	0	0	86	0	0	100	0	0	0	0	0	62	0	32	0	0
589	0	67	0	0	42	57	0	0	75	0	0	0	0	0	53	0	100	0	0
590	0	0	0	0	0	23	18	0	100	0	0	0	0	0	28	0	10	10	0
591	0	16	0	0	0	97	15	0	100	0	0	0	0	0	49	0	16	0	0
592	0	34	0	0	0	50	20	0	100	0	0	0	0	0	32	0	41	0	0
593	0	38	0	0	0	72	0	0	100	0	0	0	0	0	81	0	39	24	0
594	0	38	23	0	0	19	0	0	100	0	0	0	0	0	34	0	0	50	0
595	0	27	0	0	0	53	25	0	100	0	0	0	0	0	43	0	25	0	0
596	0	100	0	0	0	0	0	0	55	0	0	0	0	0	77	38	83	38	0
597	0	100	0	0	0	67	0	0	64	0	0	0	0	0	64	54	74	0	0
598	0	69	0	0	0	0	0	0	100	0	0	0	0	23	34	0	46	26	0
599	0	16	0	0	0	100	0	0	67	0	0	13	0	0	93	0	34	0	0
600	0	100	43	0	0	0	0	0	32	0	0	0	0	0	0	38	32	22	0
601	0	62	51	0	0	58	0	0	100	0	0	0	0	0	37	50	0	0	0
602	0	100	82	0	0	60	0	0	65	0	0	0	0	0	56	52	0	0	0
603	0	100	60	0	0	0	0	0	54	0	0	0	0	0	57	82	34	0	0
604	0	45	0	0	0	0	22	0	40	0	0	100	0	0	0	40	59	0	0
605	0	26	0	0	0	19	0	0	100	0	0	0	0	0	31	0	38	28	0
606	0	79	43	0	0	73	0	0	100	0	0	0	0	0	49	0	58	0	0
607	0	15	0	0	0	38	18	0	100	0	0	0	0	0	38	0	0	36	0
608	0	15	0	0	0	33	11	0	100	0	0	0	0	0	44	0	35	0	0
609	0	17	35	17	0	0	0	0	100	0	0	0	0	0	47	0	17	0	0
610	0	44	0	0	0	33	0	0	100	0	0	0	0	0	69	0	70	26	0
611	0	41	0	0	0	0	34	0	100	0	0	0	0	34	43	0	68	0	0
612	0	43	50	0	50	68	0	0	100	0	0	0	0	0	0	0	75	0	0
613	0	41	0	0	0	41	0	0	100	0	0	0	0	0	38	38	38	0	0
614	0	55	0	0	0	85	0	0	100	0	0	0	0	0	35	30	50	0	0
615	0	15	0	0	0	43	0	0	100	0	0	0	0	0	38	0	10	17	0
616	0	61	0	0	0	25	0	0	100	0	0	0	0	27	25	0	88	0	0
617	0	33	0	0	0	0	0	0	69	0	30	100	0	0	0	35	69	0	0
618	0	56	30	0	0	33	0	0	100	0	0	0	0	0	47	0	39	0	0
619	0	100	32	0	0	0	0	0	28	0	0	0	0	0	0	28	60	20	0
620	0	62	67	0	100	73	0	0	61	0	0	0	0	0	0	0	48	0	0
621	0	100	45	0	0	85	0	0	56	0	0	0	0	0	0	43	50	0	0
622	0	100	61	0	0	87	0	0	98	0	0	0	0	0	0	58	60	0	0
623	0	80	40	0	0	100	0	0	54	0	0	0	0	0	91	54	0	0	0
624	0	40	0	0	0	53	0	0	100	0	0	0	0	0	42	21	41	0	0
625	0	85	0	0	0	85	0	0	100	0	0	0	0	0	68	56	61	0	0
626	0	15	0	0	0	0	25	0	100	0	0	0	0	35	40	0	25	0	0
627	0	75	32	0	0	0	0	0	100	0	0	0	0	0	0	38	42	38	0
628	0	27	0	0	0	61	25	0	100	0	0	0	0	0	0	16	75	0	0
629	0	44	0	0	0	31	22	0	100	0	0	0	0	0	37	0	39	0	0
630	0	73	0	0	0	98	0	0	86	0	0	0	0	0	58	41	100	0	0
631	0	0	0	0	0	21	35	0	100	0	0	21	0	0	35	0	57	0	0
632	0	98	59	0	0	63	0	0	100	0	0	0	0	0	58	0	59	0	0
633	0	100	36	0	0	0	0	0	59	0	0	0	0	0	25	38	93	0	0
634	0	36	0	0	0	49	23	0	100	0	0	0	0	0	32	0	49	0	0
635	0	0	0	0	0	61	38	0	100	0	0	0	0	61	83	0	88	0	0
636	0	56	0	0	0	0	0	0	100	0	0	0	0	0	28	56	32	32	0
637	0	39	0	0	0	65	0	0	100	0	0	0	0	0	57	0	57	44	0
638	0	100	44	0	0	36	0	0	0	0	0	0	0	0	0	40	40	30	0
639	0	11	0	0	0	43	0	0	100	0	0	0	0	0	60	0	19	15	0
640	0	78	35	0	0	100	0	0	75	0	0	0	0	0	47	0	60	0	0
641	0	0	0	0	0	33	0	0	100	0	0	0	0	17	22	0	35	20	0
642	0	49	42	0	45	100	0	0	60	0	0	0	0	0	47	0	0	0	0
643	0	73	0	0	0	100	35	0	93	0	0	0	0	0	43	0	68	0	0
644	0	100	0	0	0	53	0	0	64	0	0	0	0	0	53	41	79	0	0
645	0	0	0	0	0	48	0	0	100	0	0	0	0	0	33	27	30	29	0
646	0	38	0	0	0	38	0	0	100	0	0	0	0	22	50	0	72	0	0
647	0	100	50	0	0	62	0	0	70	0	0	0	0	0	56	0	50	0	0
648	0	100	52	0	0	82	0	0	47	0	0	0	0	0	0	55	56	0	0
649	0	100	64	0	0	0	0	0	42	0	0	0	0	0	0	42	57	25	0
650	0	75	58	0	0	74	0	0	100	0	0	0	0	0	0	56	59	0	0
651	0	0	0	0	0	44	44	0	100	0	0	0	0	33	38	0	0	33	0
652	0	73	0	0	0	0	0	0	66	0	0	0	0	40	40	0	100	26	0
653	0	100	45	0	0	45	0	0	95	0	0	0	0	0	0	45	69	0	0
654	0	87	43	0	0	89	0	0	100	0	0	0	0	0	65	0	77	0	0
655	0	16	0	0	0	30	12	0	100	0	0	0	0	0	24	0	25	0	0
656	0	0	0	0	0	42	14	0	100	0	0	0	0	7	0	7	14	0	0
657	0	0	19	0	0	66	19	0	100	0	0	0	0	0	28	0	0	28	0
658	0	32	0	0	0	45	27	0	100	0	0	0	0	0	0	0	37	24	0
659	0	46	25	0	0	63	0	0	100	0	0	0	0	0	48	0	41	0	0
660	0	98	62	0	0	100	0	0	89	0	0	0	0	0	52	57	0	0	0
661	0	68	0	0	0	64	0	0	100	0	0	0	0	0	53	43	54	0	0
662	0	8	0	0	0	22	0	0	100	0	0	0	0	0	37	0	14	17	0
663	0	45	0	0	0	42	27	0	100	0	0	0	0	0	30	0	64	0	0
664	0	39	0	0	0	72	28	0	100	0	0	0	0	0	42	0	50	0	0
665	0	53	0	0	0	80	0	0	100	0	0	0	0	0	63	32	41	0	0
666	0	34	0	0	0	59	0	0	100	0	0	0	0	0	34	0	45	27	0
667	0	16	0	0	0	24	0	0	100	0	0	0	0	0	26	0	16	9	0
668	0	100	75	0	0	70	0	0	95	0	0	0	0	0	58	0	83	0	0
669	0	38	0	0	0	51	0	0	100	0	0	0	0	0	40	0	47	38	0
670	0	75	0	0	0	71	0	0	89	0	0	0	0	71	50	0	100	0	0
671	0	100	44	0	0	0	0	0	32	0	0	0	0	0	37	38	59	0	0
672	0	40	0	0	0	100	0	0	80	0	0	0	0	0	55	20	0	25	0
673	0	22	0	0	0	27	0	0	100	0	0	0	0	18	18	0	45	0	0
674	0	100	53	0	0	80	0	0	80	0	0	0	0	0	63	0	63	0	0
675	0	0	5	0	0	17	0	0	100	0	0	0	0	0	17	0	3	9	0
676	0	100	57	0	0	79	0	0	90	0	0	0	0	0	59	0	72	0	0
677	0	90	53	0	0	80	0	0	83	0	0	0	0	0	0	43	100	0	0
678	0	64	0	0	0	0	32	0	100	0	0	0	0	0	44	28	56	0	0
679	0	63	50	0	0	75	0	0	100	0	0	0	0	0	86	0	0	52	0
680	0	41	33	0	0	88	0	0	100	0	0	0	0	0	47	0	30	0	0
681	0	0	0	0	20	25	0	0	100	0	0	0	20	0	45	0	0	35	0
682	0	79	38	0	0	75	0	0	100	0	0	0	0	0	43	0	56	0	0
683	0	27	0	0	0	27	41	0	100	0	0	0	0	0	25	0	36	0	0
684	0	38	30	0	0	100	0	0	57	0	0	0	0	0	60	0	27	0	0
685	0	0	0	0	0	0	33	0	100	0	33	0	0	66	33	0	66	0	0
686	0	38	0	0	0	38	31	0	100	0	0	0	0	0	0	0	36	35	0
687	0	61	0	0	0	76	0	0	92	0	0	30	0	0	100	0	92	0	0
688	0	37	0	0	0	46	53	0	65	0	0	0	0	25	0	0	100	0	0
689	0	100	52	0	0	0	0	0	42	0	0	0	0	0	35	76	52	0	0
690	0	41	15	0	0	100	0	0	53	0	0	0	0	0	33	0	45	0	0
691	0	28	0	0	0	56	0	0	100	0	0	0	0	0	43	0	35	25	0
692	0	22	0	0	0	100	0	0	38	0	0	0	0	0	27	19	16	0	0
693	0	37	0	0	0	17	17	0	100	0	0	0	0	0	24	0	51	0	0
694	0	53	40	0	0	48	0	0	100	0	0	0	0	0	48	0	0	42	0
695	0	0	0	0	0	54	50	0	100	0	0	0	0	0	77	40	81	0	0
696	0	0	0	0	0	0	20	0	100	0	0	0	0	27	16	0	29	20	0
697	0	81	0	0	0	55	0	0	100	0	0	0	0	0	57	37	83	0	0
698	0	86	59	0	0	95	0	0	90	0	0	0	0	0	100	59	0	0	0
699	0	42	32	0	0	41	0	0	100	0	0	0	0	0	41	0	64	0	0
700	0	100	57	0	0	0	0	0	57	0	0	0	0	0	57	52	0	52	0
701	0	32	0	0	0	22	0	0	100	0	0	0	0	0	39	0	30	16	0
702	0	100	71	0	0	0	0	0	28	0	0	0	0	0	23	85	14	0	0
703	0	84	56	0	0	62	0	0	100	0	0	0	0	0	0	56	56	0	0
704	0	18	0	0	0	56	0	0	100	0	0	0	0	0	40	0	30	23	0
705	0	100	66	0	0	48	0	0	40	0	0	0	0	0	0	38	38	0	0
706	0	100	93	0	0	66	0	0	93	0	0	0	0	0	66	0	73	0	0
707	0	0	0	0	0	51	0	0	100	0	0	0	0	9	33	0	12	10	0
708	0	72	50	0	0	90	0	0	100	0	0	0	0	0	96	0	37	0	0
709	0	100	37	0	0	0	0	0	55	0	0	0	0	0	27	31	51	0	0
710	0	46	0	0	0	0	38	0	100	0	0	0	0	0	32	21	53	0	0
711	0	15	0	0	14	58	0	0	100	0	0	0	0	0	57	0	0	16	0
712	0	38	49	0	53	100	0	0	66	0	0	0	0	0	66	0	0	0	0
713	0	0	0	0	0	33	14	0	100	0	0	0	0	19	19	0	38	0	0
714	0	100	59	0	0	40	0	0	0	0	0	0	0	0	37	45	70	0	0
715	0	100	0	0	0	90	0	0	91	0	0	0	0	0	61	50	80	0	0
716	0	43	34	0	0	76	0	0	100	0	0	0	0	0	61	0	0	34	0
717	0	44	0	0	0	31	26	0	100	0	0	0	0	0	36	0	51	0	0
718	0	100	37	0	0	50	0	0	68	0	0	0	0	0	43	0	93	0	0
719	0	11	0	0	0	33	0	0	100	0	0	0	0	0	33	0	38	16	0
720	0	0	0	0	0	35	0	0	100	0	0	0	0	17	40	0	30	15	0
721	0	61	33	0	0	50	0	0	100	0	0	0	0	0	51	34	0	0	0
722	0	66	0	0	0	55	0	0	88	0	0	0	0	51	44	0	100	0	0
723	0	100	66	0	0	75	0	0	91	0	0	0	0	0	66	75	0	0	0
724	0	28	0	0	0	53	0	0	100	0	0	0	0	32	39	0	60	0	0
725	0	80	0	0	0	50	0	0	100	0	0	0	0	0	70	0	100	45	0
726	0	29	0	0	29	100	0	0	35	17	0	0	0	0	17	0	0	0	0
727	0	100	46	0	0	75	0	0	61	0	0	0	0	0	51	0	53	0	0
728	0	23	15	0	0	19	0	0	100	0	0	0	0	0	19	0	57	0	0
729	0	92	0	0	0	38	0	0	30	0	0	0	0	38	61	0	100	0	0
730	0	52	0	0	0	72	0	0	100	0	0	0	0	0	52	64	44	0	0
731	0	0	18	0	0	61	0	0	100	0	0	0	18	0	77	0	15	0	0
732	0	0	0	0	35	64	0	0	100	0	0	0	0	0	35	0	58	47	0
733	0	0	0	0	0	19	15	0	100	0	0	0	0	0	28	0	13	12	0
734	0	44	36	0	0	42	0	0	100	0	0	0	0	0	91	0	40	0	0
735	0	43	0	0	0	43	0	0	100	0	0	0	0	0	48	0	37	37	0
736	0	36	0	0	0	31	31	0	100	0	0	0	0	0	52	0	0	31	0
737	0	38	0	0	0	38	41	0	100	0	0	0	0	0	0	38	25	0	0
738	0	100	57	0	0	65	0	0	72	0	0	0	0	0	0	74	50	0	0
739	0	79	48	0	0	0	0	0	100	0	0	0	0	0	62	0	79	48	0
740	0	38	0	0	0	53	0	0	76	0	0	0	0	38	46	0	100	0	0
741	0	66	30	0	0	75	0	0	100	0	0	0	0	0	80	0	54	0	0
742	0	28	0	0	0	32	25	0	100	0	0	0	0	0	32	28	0	0	0
743	0	37	0	0	0	25	0	0	100	0	0	0	0	0	34	22	60	0	0
744	0	34	0	0	0	39	47	0	100	0	0	0	0	47	0	0	95	0	0
745	0	22	0	0	0	27	22	0	100	0	0	0	0	0	0	0	40	22	0
746	0	100	50	0	0	29	0	0	0	0	0	0	0	0	27	39	42	0	0
747	0	27	0	0	0	59	0	0	100	0	0	0	0	0	34	0	31	24	0
748	0	80	0	0	0	63	0	0	100	0	0	0	0	0	51	56	0	48	0
749	0	100	61	0	0	85	0	0	99	0	0	0	0	0	49	0	66	0	0
750	0	68	43	0	0	56	0	0	87	0	0	0	0	0	62	0	100	0	0
751	0	55	39	0	0	100	0	0	73	0	0	0	0	0	60	0	42	0	0
752	0	39	0	0	0	65	43	0	100	0	0	0	0	39	0	0	85	0	0
753	0	49	0	0	0	45	0	0	100	0	0	0	0	0	39	0	29	39	0
754	0	37	0	0	0	33	22	0	100	0	0	0	0	0	29	0	55	0	0
755	0	70	0	0	0	45	0	0	100	0	0	0	0	0	55	0	95	50	0
756	0	100	0	0	0	80	0	0	90	0	0	0	0	0	71	71	95	0	0
757	0	100	51	0	0	29	0	0	52	0	0	0	0	0	0	52	62	0	0
758	0	65	0	0	0	100	0	0	96	0	0	0	0	0	43	40	65	0	0
759	0	100	55	0	0	0	0	0	40	0	0	0	0	0	40	42	75	0	0
760	0	0	0	0	0	84	0	0	88	0	0	0	40	0	100	40	36	0	0
761	0	86	47	0	0	0	0	0	100	0	0	0	0	0	55	38	55	0	0
762	0	31	0	0	0	36	0	0	100	0	0	0	0	0	94	0	26	26	0
763	0	31	0	0	0	45	0	0	100	0	0	0	0	0	37	0	32	19	0
764	0	42	0	0	33	54	0	0	100	0	0	0	0	0	57	0	53	0	0
765	0	8	0	0	0	50	8	0	100	0	0	0	0	0	38	0	0	19	0
766	0	43	30	0	0	68	0	0	100	0	0	0	0	0	39	0	0	30	0
767	0	48	0	0	0	57	0	0	100	0	0	0	0	0	48	0	46	25	0
768	0	64	35	0	0	74	0	0	100	0	0	0	0	0	69	0	46	0	0
769	0	58	0	0	0	100	0	0	29	0	0	0	0	0	41	41	29	0	0
770	0	53	30	0	0	50	0	0	100	0	0	0	0	0	49	0	56	0	0
771	0	0	0	45	55	100	0	0	81	0	0	0	29	0	80	0	0	0	0
772	0	65	0	0	0	0	31	0	88	0	0	0	0	40	28	0	100	0	0
773	0	36	0	0	0	83	0	0	100	0	0	0	0	0	38	44	27	0	0
774	0	100	69	0	0	51	0	0	100	0	0	0	0	0	0	56	0	61	0
775	0	20	0	0	0	20	25	0	100	0	0	0	0	25	0	0	48	0	0
776	0	60	0	0	0	50	0	0	100	0	0	47	0	0	0	44	50	0	0
777	0	16	0	0	0	65	0	0	100	0	0	0	0	0	16	0	26	28	0
778	0	100	0	0	0	100	0	0	95	0	0	33	0	0	0	50	87	0	0
779	0	96	66	0	0	100	0	0	0	0	0	0	0	0	66	76	53	0	0
780	0	82	57	0	0	33	0	0	100	0	0	0	0	0	58	0	0	51	0
781	0	53	38	0	0	0	36	0	100	0	0	0	0	0	0	46	0	46	0
782	0	51	21	0	0	51	0	0	100	0	0	0	0	0	40	0	70	0	0
783	0	85	0	0	0	65	0	0	100	0	0	0	0	50	0	60	85	0	0
784	0	40	0	0	0	0	35	0	100	0	0	0	0	33	23	0	64	0	0
785	0	100	0	0	0	100	0	0	58	0	0	0	0	0	0	58	76	52	0
786	0	58	36	0	0	50	0	0	100	0	0	0	0	0	52	33	0	0	0
787	0	42	0	0	0	32	0	0	100	0	0	0	0	0	45	0	62	22	0
788	0	62	31	0	0	0	0	0	100	0	0	0	0	0	31	0	59	43	0
789	0	21	0	0	0	35	30	0	100	0	0	0	0	0	30	0	28	0	0
790	0	100	0	0	0	98	0	0	94	0	0	0	0	0	70	46	52	0	0
791	0	70	0	0	0	0	50	0	100	0	0	0	0	45	80	0	90	0	0
792	0	32	0	0	0	35	32	0	100	0	0	0	0	0	29	0	38	0	0
793	0	96	62	0	0	86	0	0	100	0	0	0	0	0	0	65	82	0	0
794	0	53	22	0	0	73	35	0	100	0	0	0	0	0	40	0	0	0	0
795	0	61	46	0	0	100	0	0	48	0	0	0	0	0	0	41	29	0	0
796	0	89	45	0	0	83	0	0	100	0	0	0	0	0	81	0	72	0	0
797	0	100	75	0	0	83	0	0	0	0	0	0	0	0	75	83	0	50	0
798	0	62	61	0	47	100	0	0	50	0	0	0	0	0	58	0	0	0	0
799	0	38	38	0	0	0	0	0	100	0	0	0	0	34	53	0	34	0	0
800	0	100	57	0	0	52	0	0	95	0	0	0	0	0	57	0	57	0	0
801	0	70	0	0	0	0	0	0	38	0	0	41	0	41	35	0	100	0	0
802	0	83	0	0	0	0	0	0	47	0	0	100	0	25	0	68	100	0	0
803	0	18	0	0	0	29	0	0	100	0	0	0	0	0	29	0	40	25	0
804	0	100	59	0	0	84	0	0	91	0	0	0	0	0	0	51	70	0	0
805	0	68	35	0	0	96	0	0	100	0	0	0	0	0	0	37	62	0	0
806	0	76	0	0	0	85	0	0	100	0	0	0	0	0	47	42	47	0	0
807	0	100	73	0	49	48	0	0	57	0	0	0	0	0	0	0	40	0	0
808	0	37	0	0	0	0	41	0	100	0	0	0	0	31	44	0	68	0	0
809	0	50	0	0	0	0	44	0	88	0	0	0	0	61	50	0	100	0	0
810	0	82	0	0	0	100	0	0	57	0	0	0	0	50	32	0	78	0	0
811	0	41	0	0	47	76	0	0	100	0	0	0	0	0	35	0	100	0	0
812	0	63	0	0	0	31	0	0	31	0	0	0	0	36	31	0	100	0	0
813	0	92	38	0	0	0	0	0	100	0	0	0	0	0	0	46	84	38	0
814	0	31	0	0	0	0	27	0	40	0	0	100	0	0	0	22	72	0	0
815	0	49	35	0	0	48	0	0	100	0	0	0	0	0	39	35	0	0	0
816	0	83	0	0	0	29	0	0	58	0	0	0	0	29	0	33	100	0	0
817	0	100	41	0	0	0	37	0	51	0	0	0	0	0	0	27	86	0	0
818	0	66	0	0	0	0	0	0	100	0	0	0	0	27	50	0	77	38	0
819	0	30	0	0	0	53	43	0	100	0	0	0	0	0	50	0	43	0	0
820	0	45	0	0	0	0	0	0	90	0	0	45	0	63	45	0	100	0	0
821	0	39	41	0	32	47	0	0	100	0	0	0	0	0	43	0	0	0	0
822	0	0	0	80	40	100	0	0	0	0	0	0	40	0	0	30	50	0	0
823	0	53	0	0	0	86	0	0	100	0	0	0	0	0	48	33	46	0	0
824	0	0	0	0	50	50	0	0	100	0	0	0	0	33	33	0	100	0	0
825	0	100	44	0	0	47	0	0	65	0	0	0	0	0	0	39	97	0	0
826	0	100	41	0	0	0	0	0	29	0	0	0	0	0	24	43	34	0	0
827	0	56	0	0	0	62	0	0	100	0	0	0	0	0	43	0	75	25	0
828	0	11	0	0	0	28	11	0	100	0	0	0	0	0	32	0	18	0	0
829	0	18	0	0	0	47	0	0	100	0	0	0	0	0	53	0	16	15	0
830	0	100	56	0	0	70	0	0	73	0	0	0	0	0	69	0	0	43	0
831	0	68	0	0	0	31	0	0	100	0	0	0	0	0	40	40	66	0	0
832	0	100	0	0	0	0	0	0	76	0	0	0	0	0	61	38	76	61	0
833	0	50	0	0	0	45	39	0	100	0	0	0	0	0	0	37	61	0	0
834	0	46	0	0	0	27	0	0	100	0	0	0	0	0	43	0	34	25	0
835	0	24	0	0	0	19	0	0	100	0	0	0	16	0	26	0	22	0	0
836	0	0	0	0	0	48	31	0	100	0	29	0	0	38	0	0	44	0	0
837	0	15	18	0	15	56	0	0	100	0	0	0	0	0	81	0	0	0	0
838	0	72	52	0	0	92	0	0	100	0	0	0	0	0	76	52	0	0	0
839	0	66	0	0	0	41	0	0	100	0	0	0	0	0	50	36	44	0	0
840	0	29	0	0	0	61	0	0	100	0	0	0	0	0	42	0	40	29	0
841	0	50	0	0	0	0	25	0	87	0	0	0	0	31	40	0	100	0	0
842	0	32	0	0	0	36	0	0	100	0	0	0	0	40	52	0	80	0	0
843	0	85	63	0	0	0	0	0	64	0	0	48	0	0	0	100	57	0	0
844	0	100	75	0	0	75	0	0	81	0	0	0	0	0	95	52	0	0	0
845	0	0	0	0	0	26	0	0	100	7	0	0	0	0	53	0	15	23	0
846	0	56	36	0	0	76	0	0	100	0	0	0	0	0	53	0	44	0	0
847	0	66	0	0	0	100	0	0	100	0	0	0	0	0	64	75	54	0	0
848	0	50	51	0	0	95	0	0	100	0	0	0	0	0	69	0	0	39	0
849	0	89	0	0	0	0	0	0	100	0	0	37	0	0	58	41	55	0	0
850	0	100	73	0	0	98	0	0	65	0	0	0	0	0	73	0	53	0	0
851	0	87	32	0	0	46	42	0	100	0	0	0	0	0	0	0	80	0	0
852	0	100	53	0	30	61	0	0	0	0	0	0	0	0	0	51	64	0	0
853	0	48	0	0	0	0	36	0	72	0	0	0	0	40	0	20	100	0	0
854	0	27	0	0	0	45	0	0	100	0	0	0	0	0	37	24	40	0	0
855	0	15	0	0	0	15	0	0	100	0	0	0	0	0	34	11	15	0	0
856	0	30	0	0	0	23	0	0	100	0	0	0	0	26	30	0	53	0	0
857	0	0	0	0	15	45	0	0	100	0	0	0	0	0	50	15	10	0	0
858	0	55	0	0	0	0	61	0	100	0	0	0	0	33	0	0	55	27	0
859	0	9	0	0	0	61	0	0	100	0	0	7	0	0	61	0	14	0	0
860	0	16	0	0	0	75	17	0	100	0	0	0	0	0	51	0	25	0	0
861	0	0	0	0	4	43	0	0	100	0	0	0	9	0	56	0	0	4	0
862	0	82	52	0	0	50	0	0	100	0	0	0	0	0	0	56	62	0	0
863	0	37	0	0	0	0	33	0	100	0	0	0	0	34	34	0	71	0	0
864	0	77	44	0	0	75	0	0	100	0	0	0	0	0	39	0	61	0	0
865	0	0	0	60	0	60	50	0	100	0	0	0	0	0	0	55	55	0	0
866	0	0	0	0	0	63	0	0	100	0	0	0	18	0	36	0	18	0	0
867	0	64	0	0	0	0	0	0	100	0	0	0	0	0	30	49	58	46	0
868	0	69	51	0	0	71	0	0	100	0	0	0	0	0	0	58	53	0	0
869	0	43	0	0	0	91	0	0	100	0	0	0	0	0	60	26	26	0	0
870	0	28	0	0	0	63	0	0	100	0	0	0	0	0	39	0	52	22	0
871	0	100	0	0	0	47	0	0	100	0	0	0	0	0	58	34	51	0	0
872	0	74	23	0	0	79	0	0	89	0	0	0	0	0	56	0	100	0	0
873	0	83	0	0	0	33	0	0	100	0	0	0	0	41	41	0	50	0	0
874	0	0	0	0	0	19	23	0	100	0	0	0	0	21	48	0	25	0	0
875	0	34	0	0	0	42	0	0	100	0	0	0	0	0	37	30	47	0	0
876	0	28	17	0	0	42	0	0	100	0	0	0	0	0	25	0	0	39	0
877	0	33	0	0	0	45	0	0	100	0	0	0	0	0	86	0	38	27	0
878	0	15	14	0	0	51	0	0	100	0	0	0	0	0	61	0	0	20	0
879	0	94	66	0	0	88	0	0	94	0	0	0	0	0	100	44	0	0	0
880	0	90	0	0	0	100	37	0	97	0	0	0	0	0	42	0	77	0	0
881	0	79	58	0	0	75	0	0	100	0	0	0	0	0	48	0	62	0	0
882	0	92	56	0	57	78	0	0	100	0	0	0	0	0	0	59	0	0	0
883	0	38	0	0	0	71	0	0	100	0	0	0	0	0	52	20	41	0	0
884	0	12	0	0	0	23	0	0	100	0	0	0	0	0	40	10	16	0	0
885	0	61	0	54	61	100	0	0	72	0	0	0	0	0	69	0	0	0	0
886	0	84	0	0	0	77	0	0	100	0	0	0	0	0	44	37	59	0	0
887	0	68	69	0	61	100	0	0	70	0	0	0	0	0	0	47	0	0	0
888	0	0	0	0	0	95	0	0	87	0	0	0	0	12	100	0	8	37	0
889	0	64	32	0	0	85	0	0	100	0	0	0	0	0	45	0	57	0	0
890	0	47	37	0	0	50	0	0	100	0	0	0	0	0	0	47	0	44	0
891	0	37	21	0	0	37	0	0	100	0	0	0	0	0	47	0	34	0	0
892	0	77	50	0	0	83	0	0	100	0	0	0	0	0	48	0	51	0	0
893	0	100	0	0	0	70	0	0	62	0	0	0	0	0	70	54	59	0	0
894	0	15	0	0	0	26	13	0	100	0	0	0	0	0	32	0	28	0	0
895	0	68	68	0	0	93	0	0	56	0	0	0	0	0	100	0	50	0	0
896	0	74	0	0	0	63	0	0	100	0	0	0	0	0	49	41	49	0	0
897	0	100	58	0	0	80	0	0	84	0	0	0	0	0	49	0	63	0	0
898	0	52	0	0	0	61	42	0	100	0	0	0	0	0	38	0	71	0	0
899	0	77	0	0	0	74	0	0	100	0	0	0	0	0	68	42	51	0	0
900	0	0	0	0	0	0	22	0	100	0	0	0	0	0	33	0	38	44	27
901	0	77	53	0	0	100	0	0	45	0	0	0	0	0	53	46	0	0	0
902	0	96	0	0	0	54	0	0	100	0	0	0	0	0	0	54	74	64	0
903	0	32	0	0	0	45	24	0	100	0	0	0	0	0	0	0	35	24	0
904	0	9	0	0	0	54	0	0	56	0	0	0	11	0	100	0	19	0	0
905	0	34	0	0	0	34	28	0	100	0	0	0	0	0	28	0	65	0	0
906	0	15	0	0	0	0	30	0	100	0	0	0	0	0	38	0	34	19	0
907	0	36	21	0	0	62	0	0	100	0	0	0	0	0	59	0	46	0	0
908	0	49	0	0	0	49	0	0	100	0	0	0	0	0	52	0	80	39	0
909	0	14	0	0	0	26	0	0	100	0	0	0	0	0	30	0	8	10	0
910	0	82	43	0	0	0	38	0	100	0	0	0	0	0	30	0	61	0	0
911	0	42	46	0	49	100	0	0	77	0	0	0	0	0	49	0	0	0	0
912	0	0	34	0	27	72	0	0	100	0	0	0	40	0	54	0	0	0	0
913	0	54	0	0	0	53	0	0	100	0	0	0	0	0	34	47	50	0	0
914	0	3	0	0	0	48	0	0	62	0	0	0	11	0	100	0	11	0	0
915	0	27	0	0	0	33	0	0	100	0	0	0	0	27	38	0	61	0	0
916	0	42	0	0	0	54	0	0	100	0	0	0	0	0	43	25	36	0	0
917	0	0	0	0	0	43	17	0	100	0	0	0	7	0	46	0	15	0	0
918	0	11	0	0	0	48	0	0	100	0	0	0	0	0	44	0	9	15	0
919	0	28	0	0	21	42	0	0	100	0	0	0	0	0	35	0	41	0	0
920	0	31	0	0	0	0	31	0	100	0	0	0	0	42	36	0	73	0	0
921	0	100	75	0	0	98	0	0	73	0	0	0	0	0	84	49	0	0	0
922	0	100	73	0	0	87	0	0	59	0	0	0	0	0	61	66	0	0	0
923	0	94	50	0	0	60	50	0	100	0	0	0	0	0	0	0	96	0	0
924	0	46	31	0	0	33	0	0	100	0	0	0	0	0	44	0	28	0	0
925	0	20	0	0	0	0	29	0	62	0	0	66	0	29	0	0	100	0	0
926	0	16	0	0	0	27	0	0	100	0	0	0	0	0	22	0	38	16	0
927	0	88	60	0	55	100	0	0	0	0	0	0	0	0	0	48	52	0	0
928	0	56	31	0	0	59	0	0	100	0	0	0	0	0	54	0	34	0	0
929	0	47	0	0	0	0	26	0	100	0	0	0	0	0	0	37	43	43	0
930	0	47	0	0	0	69	0	0	100	0	0	0	0	0	44	0	36	25	0
931	0	36	0	0	0	26	0	0	100	0	0	0	0	0	36	0	31	25	0
932	0	32	29	0	0	63	0	0	100	0	0	0	0	0	34	0	35	0	0
933	0	68	0	0	0	52	0	0	100	0	0	0	0	0	0	39	42	35	0
934	0	52	38	0	0	82	0	0	100	0	0	0	0	0	52	36	0	0	0
935	0	83	38	0	0	41	0	0	100	0	0	0	0	0	75	0	63	0	0
936	0	27	0	0	0	56	0	0	100	0	0	0	0	0	41	17	26	0	0
937	0	26	0	0	0	34	0	0	100	0	0	0	0	0	34	0	19	19	0
938	0	100	58	0	0	94	0	0	98	0	0	0	0	0	0	62	88	0	0
939	0	80	0	0	0	82	0	0	100	0	0	0	0	0	60	36	54	0	0
940	0	43	0	0	0	82	0	0	100	0	0	0	0	0	47	29	38	0	0
941	0	100	72	0	0	83	0	0	61	0	0	0	0	0	0	83	77	0	0
942	0	50	0	0	40	61	0	0	100	0	0	0	0	0	54	0	53	0	0
943	0	99	47	0	0	58	0	0	100	0	0	0	0	0	40	0	60	0	0